-0.17731017812572441583 0.27496978998132143301
0.066741949772495368087 -0.023293854445705003409
-0.37930255666976353535 0.14690599169192997131
-0.36628823756584349969 -0.14514388645664166866
0.37154126328456399397 -0.15051491837049854605
0.17359024776941761603 0.049921553016236193401
0.35120393640827374249 -0.20579685549125151245
-0.1795564743969087218 -0.039797871862845016211
-0.13270925264400029731 -0.21618705659353157356
0.078879275346688954018 -0.24825716157330671163
-0.29954250473229626639 0.23741773468411178638
0.17400751644660533701 0.26743153316545781317
-0.31295269680444076643 -0.0023108787726188310431
0.089232086331210672125 -0.31018585437792239867
-0.14502366560216853331 0.047746681460271139796
-0.037937698757943824623 0.18930887833575218981
0.0099635837205214634882 0.27025156631549462904
0.26510501688805843123 0.13046541803899627809
0.15294765456910128232 -0.019558457199900378815
-0.26405582551032702465 0.20340717906346331145
-0.14966069663056860706 -0.28353358290657798557
0.040275356537561125825 0.20115003419642724092
0.12759913783230580897 0.3871956686770136602
0.17980682609316506193 -0.035091393902629761103
-0.2246211407762767065 0.20900597908761250898
0.14184613602833892609 0.24273455113963485208
0.19574947339718087869 0.15321215631997756046
0.3961417945285286013 0.201316477619477463
0.096518472797096341309 0.20165221064791694072
0.32303061321958165264 -0.16975258442079718679
0.28413683573902109858 0.23970128328196299572
0.00075547478046737108048 -0.034317280329767212155
0.011563988072646970776 -0.22551539372838513842
0.21066381203589032434 0.2654047119782884101
-0.013625242195142658191 -0.36710278806907237215
0.31758878772954673986 -0.00030689833881392488855
-0.12645295558918501211 0.18710911755966205816
-0.20768187559792575247 -0.36231292295255795866
-0.20800393696811106392 -0.18165764036196488385
0.12943169373079779771 0.013480939380339295591
-0.12060677665718880225 -0.25444952879978438576
-0.17958884230043617447 0.40985397658658156983
0.30853194376272230492 -0.22802656830188947068
0.34019042929920212393 0.22251003081894446534
0.080554517204304648681 0.01958047347121282325
0.023995311044032383713 0.12807407124581124402
-0.22904047787691661497 0.37355191703110696144
-0.1745736360623159622 -0.071038027700405875775
-0.10979891096837063325 0.020632700572084394092
0.13226919580074869565 0.13082038695146996909
0.34364331147805510236 0.17051953073765313551
0.093879291283504626153 -0.035392712541878749988
0.17519687148317197867 -0.060485363245767177764
0.10140950957970353008 0.14932602286703575145
-0.35490166766405178977 0.064520819575533933099
-0.12145400165680506066 0.1512361361855590336
-0.38540429379884189043 -0.10030629360980961029
0.10449575647170686321 -0.27961953588443877461
-0.02844955024368954824 -0.066654277009678561394
-0.094961487230330987597 0.052554754324220513684
0.039431739018275790976 -0.25044695700175201303
0.28310003788410698089 -0.011599491577404112339
-0.36246625192117265524 -0.18946799967758526373
-0.28321857067787664652 0.1332002762267345819
-0.43334086512003977543 0.14086885859225867224
-0.12582454211283886081 -0.0067574905390979092198
0.049365586306075709411 -0.30817126758411467202
0.12206521624415599125 -0.16904344864979115037
-0.3176743437893861377 0.076260599052553182386
-0.3957775996313049327 0.1045361089820106143
0.028065617830708787517 0.10045832050109808342
0.14592729826927805514 -0.043665126656033975694
0.23915068726347354922 -0.17382561184846800906
0.015950019085414129938 0.36965196512895764913
-0.1485053361606081257 -0.16219472320260897025
0.019095374673971852314 -0.024121411878205781254
0.20404190799207846951 0.12040918402160925849
-0.15542778087975767098 0.20847578338001970799
-0.067337923732405061128 0.17407428483630799088
0.10657597972485714777 -0.39308589398038296103
-0.11398031465527919126 -0.12051515190669917499
0.1229276356168144263 -0.015406437023740027562
0.10213071730279514593 -0.34815942013024686608
-0.084112493569521218362 -0.13793928192413315581
0.25127474679874861607 -0.11493995066213368028
-0.016506492760418753352 -0.2182828044541956225
-0.23986637330159918391 0.079987937687529472863
0.18923112118833451678 -0.18173256066666834685
0.043503030904073869412 -0.033375396318197338152
0.21079151108457810926 -0.027211310020044222197
0.2041131238096902667 -0.063153193459220838268
0.1939760413869782707 -0.27139464790824707752
0.018075610264091334506 -0.079721458433767392049
0.29757436621485749972 -0.13684950433549747384
-0.12178045490347802482 -0.035924136721945255923
-0.095206881964538497831 -0.33074913558168450578
0.33153279031360399776 0.11519381312930758454
-0.047802459387419511672 -0.10645755858044908537
0.44079969437490129636 0.03792851770906090908
-0.25549021158481827198 0.24755635942426279517
-0.12315091763792983259 0.43500620517462967873
0.10550306476650664345 -0.12280148965938701699
0.004396695481515560007 -0.14791518436239856071
0.12758578142489918061 0.21255783657234070261
0.13021115847746600469 -0.31271871455509309135
-0.082721206934047289416 0.24257588537877888824
-0.053356129019105420774 -0.16971458534802238982
-0.2542146094042836979 0.11626179290691837642
-0.19563152037215569834 -0.22213314855843893647
0.21345308416323305334 0.084810096390345479644
-0.084856579925674427423 -0.16849139839111226813
-0.25700502123264107324 -0.33224981233786404777
-0.44521382923871727355 0.081905057295832070507
-0.095792682670822137947 0.091610853491583349451
0.39356822626878296134 -0.22823131458527115556
-0.12069883713147744331 0.22616863887551133527
0.024745337118922391961 -0.39030724641523190099
0.23404002750140165401 -0.050409817445461031771
0.064698257012174117953 0.39811545215402199815
0.24068367637632517853 -0.27697587101339748994
-0.24904967594154878152 0.16199590608176014928
0.053968055557906749464 -0.11603215502584569851
0.045006101986219244904 -0.063216132857321735705
0.084176557800646131802 -0.099004487344344221933
0.031889149575609766762 -0.45949952030261564939
0.30879187082425318955 0.33053464257760961642
0.024244497492044329162 -0.18004975292536742892
-0.08754659498267182427 0.0078068955107231975676
-0.0026564519358999506317 0.13308917172587142463
0.02139255925989158244 -0.34106382517147720845
-0.044522855499037825022 0.064037297712185248244
0.026889005484573569316 -0.0044674953360885061304
-0.11809759505484808406 0.074555439400679768269
0.097419381311449060323 -0.15200072919650647885
-0.28412335809148969723 0.28713257657002910772
0.28055056865766003771 -0.18688946093553709948
0.30029488778371316027 0.19627512202654021078
0.31335341619931117441 -0.041416524133809862196
-0.0073119339052970435539 -0.010896510176736755315
-0.12507018456779145366 0.11471290127239033851
0.2881248642333981147 0.10113616799475748376
-0.32637672886674679029 0.14830590415796068848
0.15045994964478739964 -0.06981543508133336573
0.1580047910862548699 0.15394140925462460046
0.18835093449961903822 0.36356179701262725246
-0.35165601210378122365 0.10882462570567609517
0.44010264842913454642 -0.065596779510788655321
-0.22491598293601755554 -0.24723194579181564934
-0.056974163824341957085 0.43939942453065128358
0.0040946999769810145733 -0.26452954280422824596
-0.067368264379593423286 -0.025160875666797113265
0.097283997595047966289 0.082978579614167796707
0.11693566505305656722 -0.44429064007290369753
-0.4065426775015341665 0.19511755947367326325
0.10276545407454426573 -0.21705617038364050098
-0.056382221661078618657 -0.23132862452453106794
0.036546909301604244003 0.046035877256125241896
0.20998052995116564534 -0.3132334052024570159
-0.17502313753690043607 0.042208864798413563146
-0.0059123740222149761409 -0.081507089409870475682
0.02453858376341978148 -0.12115650832520999391
-0.24687835164083635209 -0.10735717260827531971
0.01367027725543435053 0.19086195173577880091
-0.2340117659436510289 0.035921549230748736625
-0.35113946857793748579 0.22010545651308513482
0.049708608023153418032 0.11953571815424370028
-0.3105822533150184861 0.19651835298829301024
0.16746418216771638554 -0.29736061021987941766
0.25536201272115727212 -0.32426958818423123887
-0.30508172854122561635 -0.08723725858123056176
-0.23759011759541925901 0.00095487458041746873204
-0.0093490341696730316912 0.18035181028178901008
-0.31008066168046694022 -0.044669401090434865398
0.10193167598907283689 0.30545879578134632615
-0.25961354902888217344 0.053295299229293477405
0.37472030209727841266 0.13411353505523815333
-0.13247172798834278007 -0.4323547449585834479
0.050074138608769538927 0.091850781571943138082
0.13997506452124308662 0.28905378936183129257
0.06391640663098893671 -0.37527654870310545032
0.0073741876429938395254 0.0086931791666652082073
0.31380376136370330409 0.27469415405358982296
0.21705881739084800786 0.18362800878453566789
-0.076963617204683573703 -0.20009863752773654477
0.071302068952401320701 0.076870243066950602606
-0.077355435767297045513 0.030062276932338847374
0.39061383210734923477 0.025684584969617056671
-0.39584952633871067773 0.062793584394198034837
0.069957519383656588396 -0.050698117292788398569
0.056277610443270051355 0.22466656464682618899
0.050088636413018576554 0.022709800233804255942
0.0026615770298278325183 -0.10836440377276633507
-0.31099761048287838383 -0.26970514347927104781
0.062433026042694433899 -0.33955582896067032506
-0.19593475975384985754 0.31675788214991662528
0.18288322962376798997 0.022171144271957834992
-0.16499728937002186568 0.10965220745013876114
0.38739805651505715423 -0.094402186193965759164
0.28072518227316428652 -0.065153472674733425851
-0.24294802058727496541 -0.1573975233569662735
0.092463604480470903968 -0.01010904746104713571
0.016316739309878033198 -0.29629077097619821446
0.087148662650127273199 0.17256504738347208661
0.19354396628463321761 -0.21522593833669489971
-0.34840524751698381811 -0.068289355161381348758
0.20656589774133296555 0.044906147247215318086
0.014119528589525063428 0.15662517529223715651
0.17790954299563521701 0.4188965723243077699
-0.07257935741568094512 -0.26637208726424543848
-0.32120731332163576788 0.034658236125843372433
-0.079870678272844997103 -0.08160102468928288888
-0.10577576212752001772 -0.094321861591338498898
-0.3953319918675185507 -0.054643255194960008159
-0.40576196870080083468 0.024925661903485420157
0.21246376746908116062 0.0083002947649484029591
-0.028582599278009563487 -0.25122502330332280307
0.18619184149081793866 0.073209979770920474706
-0.20324464503268505067 0.018262234773555419826
-0.14228472686595486363 0.018188471447231513434
-0.075894113632458376495 0.11496420305983037768
0.17895261467187348337 0.10125822350770956326
0.23268965077104533656 0.15172394442418399296
-0.11588545357388639612 -0.1521784525722747472
0.44925848793613892829 -0.012173105408414883546
0.27111134283382265497 0.019897853874553297904
0.42531855232858378768 0.14777581949666493411
-0.028456669828235220399 0.039845070199364951424
-0.16166012982713279245 -0.24075107408688392607
0.18408528835531148826 -0.0070358230238888579827
0.0314230430417251419 0.33533493617345810911
0.16528675635608702787 0.32111960750696566524
-0.10542290365403980679 0.38732863742199957757
-0.17327632362656317233 -0.32306220192704032668
0.16319621524364344434 -0.11782455015311778246
-0.019761425309234494779 -0.32397375317749693702
-0.021112071894768460328 -0.12565348747751903247
0.14799142082230459794 0.1868191598477948745
0.065415360003158729008 -0.081343792942011355906
-0.025197979373238900414 -0.09545190833987930723
-0.056031437609970723146 -0.45463336526514835922
-0.22516860157350582217 0.12694858181272059006
0.071029147635537331906 0.099950603577101254649
-0.15031332236188960083 0.24813350121729019215
0.24251194413778376369 -0.010900445500126396819
-0.16847909297858659761 0.35767753351218439795
-0.087641058044819364348 0.14814099490505869272
-0.21710310769101867634 -0.1324894949868345162
-0.045438920885407768635 0.018733979046997459306
0.28202792891306438516 -0.10268809716259703901
-0.022087759712208755725 -0.036844072411755642016
0.015748391077003705968 0.45602236427311942935
-0.043271257881678577839 -0.026803983831490553469
-0.1821832388697433025 -0.12733089544775413882
-0.056863648502459278322 0.042814402403037597755
0.10558095160124317258 0.010792721874656406242
0.12726996570962170741 0.076539432607211813075
-0.2909004837510014152 0.050134735828767929
-0.27570202917978181567 -0.022875433150518428155
-0.21819130034431463705 0.26294582440378677646
-0.23383878138332306329 -0.28609976029670336484
0.23592478216851367478 0.058158368522462540462
0.05827496729844164336 -0.18412249534738889256
-0.044271774307551130245 0.22192697635338359818
0.091585641755752109083 -0.1844917466443841414
0.095579306952547044007 0.23210980802981104332
0.097877573606991716271 0.036001960804060519072
0.066242006947898599001 0.039059281537616397095
-0.31954196379779381543 -0.18262623564950747346
-0.0035470099325463481411 -0.057502847975392221147
0.20650894046506299007 -0.15828949368101360995
0.14518017674243102744 0.056269697602417415028
0.17212953474740189108 -0.088615713214190178215
0.065213421424769379975 -0.4225792657235136196
0.26151457572565500742 -0.2293970406791681349
0.071724246126328494721 0.14779986417972262869
0.14846164889950319576 0.10911247695109235756
-0.25889252406369972492 -0.38063618209473604193
0.19239641422003078697 -0.12805314713649221248
0.011108848460757249355 0.079597572417217390961
-0.023326046434747688824 0.2860266949318135965
-0.27402992070859211182 0.015948739048119400796
0.24893085853223057002 0.36816694035568037213
0.075499549783941688474 0.1249650161519901409
-0.0088195937029136584062 0.24416677669215830493
-0.18889073181068663509 0.2309621273582694867
-0.015385662263345731976 0.15649511210603739286
0.069594025957033109342 -0.21700122826979376112
0.034986958990020883276 0.072926710187546039954
-0.0059444090490697069559 -0.42658749286642949627
-0.087577283780488748843 -0.40860431872320507329
0.046822618332179946621 -0.0023750307275256406225
0.055505343930053199775 0.060435653298141607526
-0.27842494200326767251 0.088504257665348182171
-0.20920188993308860836 -0.054062039430750177815
0.11776773820119938729 -0.043634913552653753488
-0.076570090614496585935 -0.10963619111277371487
0.037225804852324552441 -0.14841898238110209918
0.35521246527734939846 -0.016972029134079025248
0.065666407061640924558 -0.15540755601394512508
0.16945251728861460139 0.22079123792738880594
-0.134700314273068944 -0.32702646057351630882
-0.12491885649885152432 -0.068987337007081372953
-0.446122023360801645 -0.025664125265161465139
-0.064668675293899025025 0.27444074230900361577
0.26776204880016507559 0.16978661456028995569
0.016678464726005960694 0.22151607899455716399
0.066047094469319320154 0.25033135529078764936
-0.047377836725072945689 -0.050921117109650498866
-0.14141741313059494334 -0.092022706858560704424
-0.033501011921761150725 -0.0062159018104604836855
0.22734619088261640019 -0.20313965063517364085
-0.10127661808797915055 0.12377820117733175087
0.076459145953735666024 0.35277822410034515022
0.022067487547386036018 -0.051844862081002862642
0.069933704840239543921 0.20064968085465254011
0.22259491257661609409 -0.092532525511802965479
0.39696048699742553234 -0.03195636336160552482
0.17239661140654283233 -0.24209982234614682572
0.31116678309729295382 -0.32864466843400391705
0.1956839008069158059 -0.41803543186402541965
0.062530890775020886441 0.31167285156420304615
-0.040841383005316402033 0.25088751441350570781
-0.014461733996051134854 0.061300937870379532124
-0.048131862155364642242 0.11228321104333603697
0.17123515894454552355 -0.33556346753915777814
0.15485031946859889596 -0.39800685731176133064
0.10684913074162545599 0.060920513377470154881
-0.035706173055839909858 0.086530212311977897088
-0.026527598981823018176 -0.15631064476592387846
0.31441883814558135857 -0.084500219636950812951
0.2498455622600307402 -0.079398237953640080078
0.19617206276964349598 -0.098481414843345660426
-0.095041827954741420204 -0.22916853131375333752
-0.28690437499203896854 0.16823404255282220499
0.060207454284726541482 0.17339983692323218678
0.35325445755909873347 -0.06522027393315603383
-0.043746155814423239028 0.38332112314096628003
0.025150409487078084769 0.02448042777190671121
0.36997092604843873076 0.2686391720673151351
-0.1161978783708970675 0.2663798611982302611
-0.27311994150742474607 -0.066807121270447772376
0.21184851510318297718 0.31278787949707581584
0.20629798709479799101 0.22078406203212733172
-0.31232210246988156843 -0.3299219019593324087
-0.071499413771000011608 -0.054545644535396196895
-0.052364824632700243678 0.31168899723895759912
-0.33498639415677777809 0.26763343075722761943
-0.38510209216689650358 0.25480445673548446361
-0.23909048175078545517 -0.071087379473997763801
-0.146679082537953559 -0.12669287430321626853
0.13332567091940128456 -0.11810466999744495542
0.34907865249700059662 -0.27438117320715132985
-0.11099789065369305985 -0.37114818153863671224
-0.017668567160447758851 0.014929483396590151681
-0.031869667177827520899 0.13436776399420521932
-0.07700347635558112136 0.34460088352590967364
-0.1561798690243883514 -0.018037402449216428935
-0.06276129049787380898 -0.30916398918534238049
0.013281625702687973808 0.054976516203001285499
-0.15491141813909331537 0.072238607917552030702
-0.35801440966492259488 0.019708025499904784777
0.044373413551646846698 0.28115044893548185589
-0.031553472486419036069 -0.28640605680115965859
0.12070885159537539377 0.10179854142477000323
-0.011290463417224222767 0.086059532095827839804
-0.24034404568548276004 -0.033781995769595930812
0.14219141098624307751 -0.094455243747765801898
-0.23623317693648571147 -0.20528495365935250927
-0.061083254151360046047 0.13971809320139957911
-0.19012697287934957058 -0.27341676152911753572
-0.096418633520281377125 0.2068544301065440294
-0.074810189649060207517 0.066379799909089029497
0.18024106523149183157 0.18415201198833228147
0.082636651230525617895 0.056368090506456698663
0.35796240709577409334 0.075797092033275337286
-0.14484894944152043594 0.30266603672570308037
0.17192236012073094931 0.13001341650774927983
-0.41372392701729721054 -0.17810099465310555433
0.038286222428326417699 -0.21121303336004329521
-0.0069484841092836121049 -0.18396859425896822104
-0.097239376935284935199 0.17552808079643944517
0.33898012318525766462 -0.11778998088420325474
0.27300992274815544247 0.058960629595437769046
0.0047620236321359111012 0.10744550754489093358
-0.34586839075211983641 -0.23362483698673136567
0.14415463100538125629 -0.2697066243159245702
-0.39498487475808641278 -0.2321711976202139871
0.035012236272783166247 0.17294287248312967264
0.11199298462901075002 -0.093578098733585204916
-0.18485282351491133523 -0.15874812312054586982
-0.31150890637013867179 0.11155882595360321063
-0.31451784414387540245 -0.14212803490547262775
-0.11609932016234311702 -0.18764722637446307196
-0.13908132662450811701 0.093732659351513591961
-0.091658748237564771633 -0.037279512784563435812
-0.099893561728602517369 -0.061970685106625122973
0.15435711250433523101 -0.17291429374827640975
-0.18240600501087261831 0.079871813928685378436
0.43388112235883180556 -0.11917424034763872409
-0.42812086307455587963 -0.13036599832761772144
0.14073001949602137461 -0.35773131794539075878
0.1238583528037573156 -0.069141357533631805921
0.13963720383617711507 -0.22976942021675711425
0.25185687770879994218 0.088569605721590560776
0.22429879228684890258 -0.13099781599749130145
-0.21131325641259998682 -0.3175304951714005286
-0.059763853024843396899 -0.35555359362296695691
0.076862850053815698348 -0.12840592369821762775
0.044153788204099771175 0.14662363559449748118
0.16086170003481334301 -0.20411206098514042551
-0.096678224356019248908 -0.013512849529741150639
-0.042244286659191700173 0.16064785929731467684
-0.11987682658016260429 0.045445512935401367882
-0.044033400867756804231 -0.39875873200077327496
0.44776948771675728622 0.091231617636793438386
0.11553272972448096201 0.18066754373934412747
0.032111366327265321308 0.24689098635375841817
-0.15698623572310005381 -0.37435375341789184356
0.082702971342946698941 0.27484892298524660204
-0.1552681674711794968 0.17056796017929728992
0.11386285988834728145 -0.24822262616626028509
-0.1241689705797963672 0.3413456242018603759
0.061715110253489198489 -0.27782835202056288537
-0.020841078948781507213 0.33870286084573508756
-0.27482804783279912719 -0.28998223280034635119
-0.096124937220574871444 0.30007132195570807021
-0.39212389832213673246 -0.012569572694567349158
0.038334402794085113697 -0.093224216515098254354
-0.30544495324351766952 -0.223757254577467396
-0.16508357676577498085 -0.19502054077205357996
0.21987972954396847736 -0.24187143349125039826
-0.27856839900069729765 -0.16352253701357485904
-0.020936303558120372692 0.11045692543867953461
0.12364481965316004297 0.34013984700259636274
-0.18249157903525661806 0.148913169152720265
-0.27282211217020768679 -0.20121799738110549005
0.12330523242708638088 0.04087817389661488332
0.12914362700004344831 0.15790765577961654587
0.28839532847992765952 -0.27549783572022468192
0.068855332905053925896 0.0017453881558952960822
-0.17215894267800002648 0.0082144301202852678528
0.10441138522111878539 0.12553917671551956259
0.15201406356644986406 0.030649587054772473721
-0.063736789543402019853 0.089205883829916413075
-0.21483231276801720289 0.16421024669277925478
-0.20668089236520986729 0.054891748015769341318
0.25955379160093211555 0.29720963793855476043
0.31505107386196590236 0.072522863395499403971
-0.0006295406668706462084 0.035199204059504156372
0.15532523502944597937 0.0047848875638267793567
0.15563423957787977936 0.081148656866409860089
0.094061834949160760821 -0.067102560356473758829
0.30412119585800356791 0.035841357946911858723
0.0062154344007437339198 0.41039233436599759086
-0.33746672148437978356 -0.11027648370201938166
0.26511235820974149435 -0.037917080633083535823
-0.2017910978682759815 -0.016256344619863749568
0.23357068807895170481 0.11510019155815355563
-0.053314525136542306738 -0.079248738442134661342
-0.053017917528577616915 -0.13583388008275815162
-0.44366210644670323049 -0.079838065445663630726
0.13360779669272701553 -0.14378768617852408229
0.30323787554030040559 0.1467334369138923178
0.16849742440652845654 -0.14801285167179006885
-0.26576898573038415519 -0.24510999324230950402
-0.067934065125089163062 0.20607203115147545991
-0.35803523231845396646 -0.28562064309465173828
0.093138004252318856713 0.10567958364757758238
0.095166543953930288202 0.4426027013326867543
0.23948765011984318729 0.026072904596807777722
0.41609745824063704145 -0.1722407157816613632
-0.35278325449811859249 0.17908966994180391952
0.25641540138220059175 -0.37758982468721041803
0.34584769501394108104 0.03190412995774314503
0.11422655699449256461 0.26153584238650529059
-0.040048617537278882739 -0.19807738857812925981
-0.34974889681040605138 -0.025214733006420551181
-0.33044493574379640854 0.31672106528532917302
-0.013617340998962355891 0.21132476012567322221
-0.28013995657133650141 0.34989911824079594771
0.26112070009919469138 -0.14853315771854949667
-0.19432443448990019408 -0.41314642194202483294
-0.17263039119678041944 -0.099893696986981000974
-0.14848939535632288411 -0.051163886406095315795
-0.062596694850797884868 0.00036178628081463858664
-0.18843009699774701526 0.18935470378189850349
0.25043855737391834682 0.20418821610938478472
0.12740172344098357748 -0.19712533823230757313
0.39927511714389546382 0.085410054650115446728
0.010267578906983853768 0.30562852243854715661
-0.20811423132154338589 -0.093138827988721056839
0.20438007548415504377 -0.36401593279010674431
0.24340242472575007726 0.24641490781108052466
-0.24088825182000497827 0.30808628130265169887
-0.27913476092114503091 -0.12009668213823682104
-0.14967987786703790265 0.13671820845606333372
-0.19449624930332481965 0.118484217843260492
-0.45377972212318490319 0.02723484229517391525
-0.21186395671366337057 0.090517158236272113325
-0.10569904189269618833 -0.29051184714544969756
