-0.0057975779539447842154 0.0018939993572182187067
-0.0057975779539447842154 0.0018939993572182187067
-0.13253451674220084744 0.036378712905459950622
-0.13253451674220084744 0.036378712905459950622
-0.0059039472031946751626 0.012505077322644064103
-0.0059039472031946751626 0.012505077322644064103
-0.0080665610728673717289 -0.0021209280770433181287
-0.0080665610728673717289 -0.0021209280770433181287
-0.15808748480886436472 0.057171789911449000243
-0.15808748480886436472 0.057171789911449000243
-0.014692864497008108204 0.025877977238659793241
-0.014692864497008108204 0.025877977238659793241
-0.067753130606092476507 -0.065784384184653890704
-0.067753130606092476507 -0.065784384184653890704
-0.13483814676540006872 0.055547510452698539707
-0.13483814676540006872 0.055547510452698539707
-0.059674000351494456418 0.11566189960823289318
-0.059674000351494456418 0.11566189960823289318
-0.10308019576642961368 -0.13432310611383163623
-0.10308019576642961368 -0.13432310611383163623
-0.10457227320169690254 0.05527613845922137864
-0.10457227320169690254 0.05527613845922137864
-0.085711591217078109128 0.21785163017851003064
-0.085711591217078109128 0.21785163017851003064
-0.071200488591340815869 -0.1206912010314195316
-0.071200488591340815869 -0.1206912010314195316
-0.071122542503221114485 0.064845525140775836515
-0.071122542503221114485 0.064845525140775836515
-0.066115441689784115731 0.22918065383330832319
-0.066115441689784115731 0.22918065383330832319
-0.028303254743752490064 -0.11240835009608574069
-0.028303254743752490064 -0.11240835009608574069
-0.032585835275904688479 0.06217320752284625357
-0.032585835275904688479 0.06217320752284625357
-0.038608772312021671924 0.2077536772371218754
-0.038608772312021671924 0.2077536772371218754
0.014624404122600586503 -0.11669179151784404846
0.014624404122600586503 -0.11669179151784404846
-0.0097952765407755774257 0.062432847216770205601
-0.0097952765407755774257 0.062432847216770205601
-0.018013590125197979919 0.21857999390458521249
-0.018013590125197979919 0.21857999390458521249
0.039168420365908458713 -0.1227866764645312303
0.039168420365908458713 -0.1227866764645312303
0.017242588359335998122 0.058416523169302674023
0.017242588359335998122 0.058416523169302674023
0.0038927740204513236813 0.22388605389868343476
0.0038927740204513236813 0.22388605389868343476
0.057610492375771454876 -0.11098661320181277268
0.057610492375771454876 -0.11098661320181277268
0.046239197909875101589 0.054432148823772730228
0.046239197909875101589 0.054432148823772730228
0.024915740670042988564 0.18730904386665250816
0.024915740670042988564 0.18730904386665250816
0.078254174117577679493 -0.11208307604310410732
0.078254174117577679493 -0.11208307604310410732
0.073415372117357352577 0.047180277593039096629
0.073415372117357352577 0.047180277593039096629
0.051727151907428339794 0.19355258278913362036
0.051727151907428339794 0.19355258278913362036
0.089388170712389580785 -0.11038175832359592432
0.089388170712389580785 -0.11038175832359592432
0.10098368276115771147 0.045120050056058159937
0.10098368276115771147 0.045120050056058159937
0.084942372963183784829 0.21407940638796393862
0.084942372963183784829 0.21407940638796393862
0.12709850994278051872 -0.12974122545329624945
0.12709850994278051872 -0.12974122545329624945
0.12080060224290448123 0.042834071101520959646
0.12080060224290448123 0.042834071101520959646
0.11289418067353532149 0.21842822378245646542
0.11289418067353532149 0.21842822378245646542
0.16530954337043551883 -0.13830955494101798697
0.16530954337043551883 -0.13830955494101798697
0.14090268577512948811 0.041226464983251817631
0.14090268577512948811 0.041226464983251817631
0.13625524982370407212 0.21799162735918808931
0.13625524982370407212 0.21799162735918808931
0.10595322059934200731 -0.075780840957260856006
0.10595322059934200731 -0.075780840957260856006
0.15150184958225665355 0.036717820610744883458
0.15150184958225665355 0.036717820610744883458
0.090932484190055451467 0.12709937416495453721
0.090932484190055451467 0.12709937416495453721
0.032271530734507551663 -0.023451678433262016649
0.032271530734507551663 -0.023451678433262016649
0.19362955671609574648 0.033394069357267283649
0.19362955671609574648 0.033394069357267283649
0.028805813262372706451 0.036518243363819632985
0.028805813262372706451 0.036518243363819632985
0.024984043699235278235 -0.016808036434542646814
0.024984043699235278235 -0.016808036434542646814
0.12932330919264714564 0.018808670034758199346
0.12932330919264714564 0.018808670034758199346
0.016143932273831373969 0.024812594720937650172
0.016143932273831373969 0.024812594720937650172
