-0.1679062399601760347 0.13154224969740696549
0.049356370036182900529 -0.005919211740368248223
-0.35976034386897676187 0.04882806473283492904
-0.34260782397941247357 -0.048073998184259517097
-0.39925828514438638228 0.23542199829095311614
0.012749566993185395408 0.16698016800062348564
-0.20238495921750554452 0.07201026992932467452
-0.42932735096794272245 0.21465374858382127443
0.38126993908858647364 -0.072132852991899643058
-0.48010133270756599755 -0.021275263195073581407
0.16337804525058113869 0.023702406190694556148
0.33885397021240182269 -0.085948118562539518872
0.41168924257579875281 -0.0058677750264564199414
0.45158571132288105598 0.20270458373265595742
-0.19471088990917201356 -0.020150440101096445816
-0.38827112717747019888 -0.18662057359614950269
-0.1311511508582917096 -0.097236654787027351765
0.089989765891407280662 -0.12827461983502322362
-0.33341558675093524444 0.11044915531252839924
0.14598211763957966158 0.12865550619832966106
-0.35628023571903433275 0.001711614929262929817
-0.42487907909160832487 -0.14444141293684825689
-0.2923939818377106481 0.18755646436545433953
0.10163738445661806009 -0.14985089764523479294
-0.13139216620910901256 0.024127244100218644962
-0.04949025557418722937 0.088831968178095577215
0.0323609729376934524 0.12387760109349603421
0.49388158891651356974 0.036493121793324263813
0.24874260207903378661 0.077896761778445136604
0.16620761145829732186 -0.0060989935797511694165
0.32752549241355649601 0.18339339230293816296
-0.27246826411709984539 0.094464400829505773549
-0.17474592014510925697 -0.12815636148750172985
0.044378315732430687057 0.10017616317889987965
-0.070632111624636714775 -0.23481408987572752189
0.092452664392025402096 0.15240901409085322316
0.17623311998318680338 -0.015194265548351557071
-0.19028233173006514622 0.10400384744381496738
0.12586585839779496077 -0.21641977321306279936
0.12549029112203988201 0.11195943259615399878
0.19135240527218269624 0.064393999266774859525
0.031838491638060212319 -0.1953205786328162108
0.3703803945063308678 0.081600479228574843149
0.28016913884436217552 -0.10444220102286901064
-0.3073847485742413066 0.22738513286287034831
0.3273641801246348626 -0.068681659805844133548
0.44348267359970999779 0.19154928698689657751
-0.30000467202330055594 0.13538485629730748205
-0.0075656377319983213886 -0.10680726949028711281
0.22239477685033742782 -0.16525665688626570149
0.0071880524286666051467 -0.1671066921078043499
0.31470977384753745509 0.0059450858412952410637
-0.10517765622640491696 0.070227577211775929489
-0.23256905236161026784 -0.16749440155807188146
-0.39284413080205637936 0.072348833718175478702
-0.21639817142507225545 -0.080510836694117487999
0.12238618367596114378 0.011394307881626637366
-0.11379397071793467822 -0.12419132945729718931
0.27363720349767139961 -0.094085012537042184144
0.37287856499841914859 0.10861948282942000821
-0.41862080400252860146 -0.19334055379105527517
-0.36476602315329154091 -0.21125932651963566511
-0.047658608487467252202 0.13511717236404835463
-0.26101693438718881479 0.15978797585901316491
-0.40809518104951858497 0.19998142636603213895
0.134141591348309136 0.17467285033502438774
0.21564702730607498982 -0.14223882136461002412
-0.18235657430472071439 -0.036544439345745513559
0.050841128949013464355 -0.23476642460959157299
-0.23174367906800386052 0.078776940824342917002
0.069041042998055648927 -0.23593759013984597073
-0.1902989900222286368 0.18431841416731178929
-0.25795791758703656704 0.21246074620729182847
0.10384942886922321481 -0.021818553696709267614
-0.35317907218205513153 0.038920983752378207621
0.016260721540038616806 -0.18779036578279506564
-0.11547332732825948964 0.061645738800155135129
-0.35134720349143599982 -0.039643643668361081001
0.080384624303633453457 0.14756953380585363655
0.10403242017454480961 -0.13530475019481247312
0.45038513536397667414 0.21724769329099821724
0.27076148824853379926 -0.082243644311304597849
0.11805462819884529613 -0.14676818295154012151
-0.39585310329707945609 -0.060381968423183995931
0.096249706980477842122 -0.20692151988632695447
0.059649671422376836227 -0.12447587876135937646
-0.012958698251821701777 0.14327088509521182513
-0.31934550357583202373 -0.10791729276253576864
-0.29323219611120743266 0.058262468343033287088
-0.48530317222920477116 -0.16469256932190950993
-0.39711940039628718102 0.053329296213237849245
-0.11477868736633925484 -0.0084404409040266959591
0.062153507649159410453 -0.14905046562176343938
-0.067856214328358185894 0.15077360080460258662
-0.12904501404593415881 0.2333179762309559313
0.14155409485844955286 -0.075555908000384294776
-0.30976841635245089268 0.03843583457370385037
-0.39832571689353662991 -0.15619042154702814096
-0.37067940206559119032 0.049050943176297635839
0.38821453672494771192 0.21803347050782379002
0.42622125610761563141 -0.016655686644528103907
0.090066317077585805739 -0.15759971413856882494
0.14702144468237499098 -0.025008727687184182514
0.19528773100859833645 -0.085874407610436423455
0.10431279407004369342 -0.092621862016510320137
0.026911205217920987354 0.16440457579796141641
0.31998875269307280877 0.2182831116624634471
-0.15604774511269309256 -0.070345686807906634974
-0.47131056614014793515 -0.23445833780067851237
0.0076792675322981569785 -0.01750832118724848438
-0.45066155964435067327 -0.19515773013796275381
0.20919374097062731765 0.054898343125912477114
0.46356384259604854758 0.17546466082158612698
-0.024362183395368542521 0.12101554087155273753
0.25229817777288943148 0.19119990042318582568
-0.41046440788089721963 0.12398068453459706872
-0.068619837277984027657 0.077076245520736330619
0.10051044545866093249 -0.18215361966261353621
-0.37746958120846890727 0.17809433425750897939
-0.29246631065716655051 0.087186983570841397606
-0.37911610587226690638 -0.22514634824835369487
-0.097335518825507338914 -0.14632128684452305745
-0.3381144790753972118 -0.088351204930869842169
-0.49136324168483397345 0.081819512879702488428
0.36062266598984210608 -0.20492240249939491781
0.13929521239998776672 0.1031387425736729202
-0.12026456875619835618 -0.04825726735606251927
0.12347909360889522401 0.0012207607674011840358
0.10054513206049671414 -0.16568741858880317586
-0.39274068605330103576 -0.010688140060120414343
0.27450671202851423258 -0.22681489133899307431
-0.32752862545030364538 -0.14770225668935485497
-0.058637069273650664625 -0.064693022992095616797
0.24377694337648550538 -0.049850620843714839314
-0.43501574521008579133 0.19548095980969307228
-0.026751936907346680894 -0.099766094681873626615
-0.25253433105829203864 0.040596153228062432927
-0.37531596405096862012 0.11522356546390045973
-0.36675539843897214665 -0.10287807681163947671
-0.49500212135389903834 0.19201666498376929182
-0.29401854912201175196 0.23119701587603708193
0.39781580163587254573 0.10453281648341695986
-0.30256646602272724289 0.16791400312963419839
0.17126035456826999015 -0.090926453268804718899
0.030951906368219206378 -0.016543802604081760121
0.20962564292962074242 -0.025637043170392760649
-0.49323629096149401718 -0.10393273489187525305
0.1978785441397884759 -0.032492060369545210097
0.14953921982610174357 -0.13533785815611173997
0.0077718803913366264063 -0.033015908495729349992
0.37938085184519992898 0.23675591130294598718
-0.21480532576686944823 -0.15914130090355496638
-0.071175796000092855786 0.16611266072496380652
0.28701620814708050933 -0.055125294100938547481
-0.34259451851468780692 0.15299026839196330774
-0.41125843355080549113 -0.23471469420020274477
0.39530820968478086463 0.19441227188183793362
-0.084715249280816029565 -0.15268008566960114547
-0.036620955270757968303 -0.044662778421285333208
0.10469482873724335337 0.15669467959933083834
-0.42164457837872487689 0.22420807547292920248
0.45241664764301464663 0.013021905911550767446
-0.23392454112712021685 0.12126933441149151394
-0.24150453464834567563 0.14323238376832667096
-0.31549631187121590647 0.10898657158733754402
-0.48947954942537402756 0.17928924364863668695
-0.27354207435882488264 -0.18895493995641157725
0.3553418521832950594 0.19134812406953863317
0.4473844137087508166 -0.15750081136357574341
0.12470884426566698766 -0.062430578726062384287
0.0097346846329979148937 -0.062036422983930576691
0.11851370936837439529 0.092642805959381638314
-0.32296107317512823265 -0.080615061777475682803
0.13273948716876324272 -0.14606072111949933157
-0.47439062492802586135 -0.16795342577670846484
-0.37173662251659705946 -0.23554880021031107673
0.39808545995817196106 0.1656322370041204417
-0.089998939663327240379 0.11596352014631358673
0.37925120316326604852 0.06435297614127266641
-0.28075040524520228358 -0.10761081173688881452
-0.049795309782815669331 -0.097671274850266900924
0.29751927064297806202 -0.04880142120479537271
-0.40662557295530504797 0.22518630057892174978
0.28093812310771992813 -0.17098972441305010372
-0.26577789925029920992 0.054270900265540253371
0.3301155069345836357 -0.020650800221337702045
0.29368810056674327091 -0.17685538247994384009
-0.20288285907057099222 -0.12016486520292454787
-0.38637513169559084547 -0.23567286822088390208
-0.19089568729046693663 -0.23258431088269820863
-0.47441510572928241585 0.081878415712769075929
0.20109499417750778538 0.031385528374761294257
-0.073680204632790152752 -0.086168666740618168887
-0.26582123989796874186 -0.1470728056193151001
-0.39737579438559350598 0.036965198878819834072
0.49436931605108724863 -0.11526056366193924985
-0.098987481574990307531 0.045612335281398956599
0.38131385151862845495 -0.094773416719514627649
-0.35288020668591174589 0.11038939544029754969
-0.10713123310769581686 0.093873765189256150321
0.070314918278885779612 -0.18256034268673698717
-0.16475768628709477892 -0.18585364411978536059
-0.12683658020875882011 0.10428378681760094859
0.05718488559410811467 0.16840411734363669449
0.20499799054839148993 -0.12862750738995282207
-0.45678804414009865908 0.1088920001675789534
0.47001589607595767317 -0.099559341893552366631
-0.46284399254423047587 0.065833727727200322399
-0.25179548546567076528 0.067442162978399708417
0.036041357700877567349 -0.055605507541131866944
-0.038506351295328977713 0.090087855492030605165
0.081283163588571086255 -0.045816837443636806992
-0.46949929549421526298 0.14202237657510455304
0.071234400742633860459 -0.20897325928635349102
0.27893045258026083477 0.14275247433588020285
-0.47653447342302851508 -0.043928543963363042568
0.44493403223477739905 0.17306708014200861134
-0.079319442320670757729 0.002657931572440557725
0.007725364112026944334 0.060316476285162033688
0.47271533609272275989 -0.13684951445680057502
0.037360869441914204558 -0.16333012828690665619
-0.4638409429616127122 -0.035881257369739884278
0.032957424152365730197 -0.00045002142447059798654
-0.3765212930392868862 -0.21185655771078831799
-0.44337507648804264093 -0.23428390649968264259
0.10589308971552638394 -0.071495610128148354145
-0.28445447576666399447 0.13391238221616180715
0.25904205354316306442 -0.085768424956025976491
-0.27115764997887731313 0.034355400501728354523
0.12337837917185395797 0.12210976305434456668
-0.40038651235509370441 -0.16741213012597561116
-0.29594244990062595901 0.21677200167591451074
-0.0040086240641708029142 -0.010255452153218002492
0.4718254670927222727 0.084814603273896990721
0.26856092943231130166 -0.21450019877261922163
-0.23286321396727638344 0.19803887315341117681
0.26987505927910560022 0.04847562495100319474
-0.33151257792794897039 0.066996316299273009354
0.15459765829501642687 -0.037002606028296497476
-0.036093114796003522571 0.1570795476181263417
0.25823710443546993298 -0.17896668859820208386
-0.42582327321688168142 -0.23473995487857618469
-0.46024706001500842456 -0.11198346414416419925
0.24572355521435337855 -0.12031888349826574958
0.086212593292184072635 -0.19903397282226589771
0.12374427406701141163 -0.046903517114156384471
0.39356837771872016374 -0.12033769960521381592
-0.28435160692895272705 -0.23300709052223528284
-0.36196920431118134731 0.19371978003896481169
0.15843744807436382915 0.074225144087530295356
-0.32913316693839073102 -0.21661140295186870341
0.35577508043538652593 0.17209911342623460118
-0.35335102395153900057 0.14430204700552173858
-0.24703112362843746008 -0.16513661444746979834
-0.3430382721415928815 0.048874341483244661266
0.47410249246476066087 -0.026840073439972165353
-0.4084179334332360134 0.18348019935910861444
-0.1462493205224114079 0.21399438008428017799
-0.24212007567980836642 -0.1222169357446580007
-0.08136802496455426692 0.22625881138061471054
-0.033863590147014926979 -0.023656084096256947691
0.096093612877269432571 0.037431812855969276432
0.11422695818501918397 -0.2180449137801270254
0.348090105578785447 0.23686861326797226113
0.3751434779586679813 -0.12380004521205477397
-0.41592397389833712928 0.087212312716388726286
-0.37636619655448566579 -0.14243201168469180051
-0.024692594792539154097 0.083228572814472878694
0.20866709298431385111 -0.18330929973591794657
0.37968784978662140084 0.1412530322795524651
0.31722117840509650444 0.18391098252525334145
0.3425563514539789467 0.15586319296936215761
-0.30916578160193164404 0.022975006793900520918
-0.41998741726208227432 -0.10328954823243149952
-0.32554404114945262316 -0.18720080053420273813
0.41246279055075391051 0.16844748324755920432
0.12989732112170587763 -0.11365329195410384111
-0.19035595847505548672 -0.1654637349420090553
0.27755931387817200928 -0.1863313541691888342
-0.039919059877546819726 -0.10796679629837854786
0.1925048244220509408 -0.15709574804048728747
-0.050010753982456267186 0.14836862467649603037
0.2761192236560478519 -0.20181210340762278932
-0.14970942651499843934 0.023542731233488607689
-0.0090744942511079805525 -0.038290136662901340381
-0.4778392840347532311 -0.22302054456940578753
0.020708012608626379797 -0.054376020011706487078
-0.17194274838460266164 0.10541893795662304889
-0.4912877579623465274 -0.21633301782377548084
-0.23644519298526300854 -0.051007570669951991793
0.017246801321716138944 0.08927243284873596918
0.010200102221900946356 0.14180455920598070141
0.38386802017002236154 0.1170073990765223837
0.32228181346954365427 0.12516152797240712169
-0.24791978347495713386 0.022359035223504773043
-0.32219074011784198941 -0.15960712741137961235
-0.3448781939240782024 0.095438436215636773818
-0.095083971202504100062 0.12863938527289098257
0.46188761782267856448 -0.14915644178959436283
-0.36698965193092242254 0.14194297844366049466
-0.30457918195507738268 0.084034920687269420991
0.16285543317634976201 -0.14116304832937784375
-0.47868004569727212738 0.042089744051674440883
-0.011007786349452711866 0.22857530822803182047
-0.39317675337334112573 0.22349253603621338504
0.27035403148489173253 0.22322393221019320997
-0.27184719418595981733 0.23542103206499084833
0.23974878239899469201 -0.15563050857731189347
0.31214084543303993735 0.19406298980860733905
-0.38945036595092924481 0.19941632123554106637
-0.32829012741579605139 -0.039138269654231429284
-0.24404881281100423984 0.0093438217432637582505
-0.0051270981263339806752 0.078689395275737872293
-0.31679852944948239113 -0.039202314150165722129
0.0858332446408424099 0.13600410435274759569
-0.26511293644544065007 0.024771468197568660696
0.38642656103727085481 0.080948533927929902654
-0.37232054858684010545 0.16074773019366772608
-0.13408058514145176909 -0.19762413604819814572
0.13373322309983523559 0.13656092597737995442
0.072146569439645605315 -0.17124594323092692805
0.3161926003523123363 0.10738634408012674715
-0.059126190353805868627 -0.10525426769163394314
0.10932049680437308514 -0.23509989576229475827
-0.082963399046239741375 0.010918750076562044535
0.4836743544406932882 -0.085163056265209063911
-0.17384546933263667068 0.18875545691241596424
0.46136929139504800901 -0.0010590061404875334219
-0.19628451898405499532 -0.18774314415525622524
0.41432663218841331298 0.013238684806233441682
-0.29600326185023911885 0.072086530866018877495
-0.37190467268341964591 0.030471697581568781693
0.31042361560358250339 -0.1880283948443135511
0.083043445056806330928 -0.022364205248158890854
-0.47279127163833750691 -0.18929814974577427455
-0.42236549922168226123 0.0067735836876610102872
-0.47015564056082009836 0.053001562371460107792
0.052295588678904526836 0.10835039553031224069
0.056537566258110925899 0.02423532294313586119
-0.0085833437448158654559 -0.049686971026628737325
-0.29646767048843652992 -0.12424504463796327836
0.14127131896269409794 -0.17623816808258391253
0.074781591739855102219 -0.15640215106634877684
-0.20264282675449404869 -0.10403482969494919075
-0.17586436664982602052 0.14800566096263023663
0.49411282766410419276 0.23796233349491871523
0.17066710539622981235 0.011636358470014341107
-0.16624123754048289459 0.063965177113527116326
0.38415498102222722654 -0.051791193419812184273
-0.041057363739428927307 0.16728680852745769769
0.25707718807548035622 -0.028588778220395089785
-0.24473831715332525216 -0.080095387121255121055
0.39458986712343818715 -0.20272037659464736681
-0.41389366513795106117 0.036690215854339090773
0.076131325844989189422 0.0058133112088079924237
-0.45912928301364563932 -0.010426023137735176971
0.18710060186607060939 -0.10550940715024138827
-0.35387675264390572316 -0.028477538258597338144
0.00041433403941348005564 -0.14537957908319190659
-0.17361864157855630419 0.1719540076560743258
0.49497171617668678234 -0.087880303912593646376
0.010581643287511767818 0.076652126334245285211
0.35067417194928401925 0.090500461201938678379
0.17366727768988049485 0.17491771612366441291
-0.072570580920905097821 -0.12729792016576457758
-0.35569680533508202247 0.028824891440045779384
-0.068274399758840878527 -0.037932147575362083758
-0.092541529164403737995 -0.037679581789187843732
-0.36620625952610375009 -0.024524390591206680912
-0.37471046951665754055 0.023507906677143700774
-0.22225370178942249755 -0.17695883154731287257
-0.049561518579926626404 -0.11630014084594189616
0.16985838834511457485 0.034644677005174519258
-0.19286753142324211674 0.0040471795524248017906
-0.13681930499404820756 0.014818173700331801687
-0.079045056380369183024 0.064703677105598739194
0.2156602109281339219 0.18380219091419705557
-0.036957489241140520364 -0.12111090526531616274
0.16824523287513376557 0.049047614225969871082
0.47452727721959148122 0.20264785618192263095
-0.29425880743828919384 0.19927738817577803077
-0.10577590945039150316 -0.06698825843801559099
-0.083466352369759799767 0.15692604771803017605
0.46642197523152062466 -0.015398430153804777351
0.26650218512862816622 0.004571046381926183004
0.41332277557539348622 0.067945274203644101529
-0.018164757963985186939 -0.22858770610032755344
0.13066914949344773933 -0.20110133856330400515
-0.02173680453304336832 0.02765009910730154008
-0.20911449024765174642 0.23522409684939513119
0.4949043402086971688 0.19469314537723503289
-0.34035153120290795314 -0.15820373184781841291
0.41566205168916819934 0.1404209213753080665
-0.16000599448469460251 -0.11110573405424584159
0.18387227462760052932 0.0086525684698616558976
0.029152371796483018268 0.15296016278858506898
0.15071916051316397445 0.14838942548230030227
0.46448497328098853343 -0.19145959402176418451
-0.19963302331935242617 -0.14787700277987794739
0.31359920777965488714 0.021459644661330021936
0.1617062836604803433 -0.056810211563851110983
0.45378548533580642665 0.13422695289665237395
-0.28510149779750726395 0.23704565639736979721
0.44121115546229400239 -0.23185984964250114237
0.16379387542047652015 -0.23265903525882597469
-0.31903261876700156341 0.23443920012680810605
0.061124611082695755326 0.2223234517283539935
-0.047628851933045716904 -0.16255513733148233002
0.11859520240957341364 0.13316366983533756141
0.44438178118464555233 0.23713906945086971056
-0.45410317087096480071 0.20807348907510622715
-0.30591992172483128964 0.051449334299589130626
-0.02180747923933095897 -0.056010618517859010745
-0.47057248722293293364 -0.0042606002143286596587
-0.40366125632523053302 -0.12861518017433701266
0.12950277024063847064 0.079828870126991219314
0.39691373244091715522 0.14949132981169008239
0.0693845192169277869 -0.038407324618662246063
-0.45875017306078785806 -0.059836406157862502553
-0.022346348853969737192 -0.043427515279792820724
-0.047643321907025103223 -0.20779470503345615073
0.35977896402334025305 0.23356909910064221902
-0.23830237756170741248 0.063454945431965517622
-0.26793527149052992486 -0.20465186732494944355
0.079375726184814920927 0.03673847082486611515
0.48123134766808545182 -0.056714740754022142932
-0.21068253435364892034 -0.21909920182529099564
-0.44690314401860609106 -0.028328964896202672719
0.40823896284180105631 0.2243957610020183846
0.23116495246498616756 -0.015077103867812174237
0.079619082980535840766 -0.075867076612249007006
-0.44292165257247356758 -0.074542032397919594233
-0.35437689783164066926 -0.18630708712232665891
-0.089200885481872355109 0.06865026244389975385
-0.22262260501653069467 -0.063406502863979377627
-0.040294751473408579878 0.01247643874274821478
0.49403362993494776001 0.011681874976796506604
0.25765177993423954428 -0.046170514270000316548
-0.020380623093530617768 -0.018569460251931048378
-0.31256611186628074917 -0.17512890710045669884
-0.031896292333576686806 0.18518529291141572202
-0.28234691261409083918 0.2161546350128431826
-0.087325309240461709837 -0.16564508118326876085
-0.39545778338396936347 -0.14199053836314964872
-0.16768480217580625236 -0.058127661322779279607
0.42785585759679684026 0.16459552771149690842
-0.49297543046004393963 0.16049656118659100246
0.024220097849148403829 -0.17318359109918768368
-0.48148394819927359256 -0.10858788796822246847
-0.42080617809521836392 0.052433938434043703136
0.11739017017733505144 0.037025567914848206419
-0.28802495256888760444 0.029757720801754782014
0.26409043344935073661 -0.19168864408485822293
-0.26801461002357762631 -0.001385274410215080361
0.40547765916043032597 0.11715484868305847677
-0.33292297345122512375 0.2266254744076287575
-0.22216596416869807684 0.10932907950686528153
-0.00017582128525116426506 0.12121847280932085411
-0.23182747488470564767 -0.15176037173858381024
-0.45882345345319081042 0.0028226148677040689521
0.46884132530070171674 0.11483356550770446036
0.48690883945923207898 0.23379294709367443028
0.24879612666735467785 0.032167305364084256003
0.38049778942949380456 -0.22786407806789793495
0.072430474442042577787 -0.083111354346204563415
0.24105982240117140858 -0.23062882103499141029
-0.04064121681224127508 0.10653577927607288389
0.099729298978588010183 -0.082510498446526817085
0.23225290753554561629 -0.21426865223339719435
-0.24528792419146913661 0.2313443396434546051
0.08097306089611448765 0.11249564914171084062
0.070142955417770269655 0.15392288158615480276
-0.46158288348535680967 -0.13063582388534189516
-0.30904046961415582162 -0.09816457907090982149
-0.01685530861866063948 -0.029197944467793376933
0.20100623607108963897 -0.069676583749319453975
-0.48242325172082822782 -0.009620369665546579796
0.13755970379534820935 0.030923310775211054063
0.16400391192887930902 -0.038502726724250313506
0.21134184841750980333 -0.19724326577686243644
0.085171459692056278312 -0.18660321464623955134
0.48227987970026214848 0.1168485336571147698
-0.44441906741763764765 0.072842663737543347779
0.24587405153714381179 -0.096984231511060434161
0.075439213804503899019 0.082062204139802030767
0.2049770308614401737 -0.21680570472671228943
0.3308739405806078171 0.19936168466310555392
0.13069506775022196599 0.046296215578660732115
0.40502017607261653342 0.19108607584825459957
-0.26130984958183833822 -0.17856755580590033539
0.3291626409215927529 0.22389429339163041677
0.18784863967568896093 -0.058110009082677979708
-0.2056980816553202196 -0.23278986913095794931
0.47384479618327618455 0.21912347217693584067
0.39954391066340672056 0.21669179380265857215
-0.012522873290606865299 0.12460287873358284749
-0.25936901118075883499 0.011262515032167437837
0.24944151968283179155 0.15125161462115238598
0.070482079674397374314 0.055448714016852473918
-0.0017086227364205850213 0.1089177130555901013
-0.20708417510070045719 0.10409979295223434348
0.31028037925977025591 -0.047248884126505109882
-0.019471657917723362435 0.070178563792173603852
0.10379267084678082955 -0.11885838152083633146
0.39612207730027476638 0.066218194759223483747
0.49302708621348384499 -0.21191764205328361692
0.3908929770001611792 0.13907351880606230732
0.041553169829999021812 0.037177451065866298774
-0.46011394540524391816 0.030811055831073592276
0.49313326954622138665 -0.048132699066350356776
0.26953645540250315005 -0.17540333233478111463
-0.22673530741811553924 -0.22224173201167757297
0.0066734500488580270408 -0.19772648542017057238
-0.07875704187479920515 -0.19844490400236886041
0.45094673447881616912 0.22852723563520072059
0.045300220465117189972 0.012093120649454475179
-0.2788787638278497627 0.043854069917834734293
-0.2120381419125105249 -0.031327835190246164365
0.11482647054972061618 -0.033012025944409537082
-0.046846012570728824687 -0.038666934502543708063
0.032744675755408653162 -0.066857953492459154532
0.34571854844784466465 -0.0038364553536074362007
-0.050282683558256081879 -0.23274561301971866123
-0.31539286823542267424 0.09165022026189571791
-0.46297870073653663026 -0.18595585751803267449
-0.49200118952618898671 -0.19214121667639977309
0.088906350074540535511 -0.072964133241262038587
-0.13109730195907351447 -0.17284840946331586631
-0.41811723865244537768 -0.12162881122462064487
-0.10875120787301681413 -0.036968900512448964191
-0.40873907878191567677 -0.0032055549322227748846
-0.45387577012858354442 -0.20735629244643022373
-0.022040362920439905692 0.13206762059092677641
0.11564559254798309484 -0.18409809740421304025
0.023649957872990137742 0.10421417954269671102
0.048165918359438952834 0.11690877147284535476
-0.44119425596802519518 -0.14316541069571500633
-0.22053659359485447422 0.14930571473245926595
0.26360215491113825337 -0.1455955425670994452
-0.31954398192482164065 0.20746079805265441043
0.49064100597631249423 -0.23452597991117452025
0.21110801861384478895 -0.09568878085892661145
-0.31036281068690979579 0.12339352562794038415
-0.43317403733120313225 -0.024043993465289497519
0.46834222226337129946 -0.04328392111868283737
-0.37815336905216312413 0.21985434526616695616
-0.41627283499972772551 0.21121909501206886928
-0.099499071800015465028 0.060286804999021788298
0.054627162210186416824 0.1560444148101062245
0.41849298124926614939 0.098942499387659713084
-0.33622007981009172095 -0.059957055906060395534
0.020229660923414022333 -0.025949442035641191034
0.42651848383754964456 0.23529586442184843853
0.28390195852795890863 -0.21837206093715080812
0.051318296216215975036 0.093223989695529210775
0.48775483485248410931 0.056329564738275432478
-0.24891667277776174938 0.10380152580285924302
0.22703534828243956967 -0.049531121314858879423
0.33790213986430689408 0.17920679894816093913
0.49277445789864920966 0.16665493450545751375
0.39849183335032706266 -0.01857853572151375865
-0.24234903927709505744 -0.22312315961160258948
0.17448585627977089563 -0.11530461523576361615
0.28866340948373536701 -0.15802517970791740698
0.33310828765673550222 -0.12843418601196376905
0.14808674815060013374 -0.20444151499701546104
0.044667158665977466092 -0.22197117440313549053
-0.02302916705715836454 0.21612570411446135887
0.052354661448855852046 0.1444628866330688044
-0.1735174983465106735 -0.21325415228540184343
0.35667682305999692804 0.22206033149454984521
-0.028263874938839000928 0.11323260668778983851
0.0029137244353134835254 0.037177792713711500794
0.21860912331510909401 -0.13081638993811986471
0.2616569637748497601 -0.16438860501196123076
-0.039354998511607792999 0.053073683574752172909
0.14663644909549899964 -0.15082412035509501491
0.35888996882618040551 0.012437560239801097664
-0.39229190959615634071 -0.12403636170550068341
0.14160253236049435976 -0.1911913081589118879
0.19127163905218769191 -0.21947344858865069916
-0.4490620256488532247 0.12902477897208555757
-0.03061952137763404927 0.039944290073948320041
0.47904015131816113371 -0.07105451172930299375
0.48705957797437438028 -0.023563022326890750019
-0.037435222489858858974 -0.054563439139988956228
-0.055315095994304105953 0.21169949279554409194
0.24450434116494207393 -0.034669849802805782768
0.18072916155665355586 -0.042473365755027456259
-0.095069852184961223251 -0.10278575381217368301
-0.24282080166164612955 0.21322713753654062852
-0.28136486540743538276 0.084670994608330094056
0.23308927918443692051 -0.1788754824625374551
0.3257136624076971132 -0.044820060778523726497
-0.099559996092573516124 0.18611575198187332858
-0.2293182622480189059 -0.11129990348658473642
0.4247911184409997043 0.11634133420914311019
0.45610800471533008427 -0.026883222483567507238
-0.13384972200523814756 0.15023060297792226181
-0.26305619020378145922 -0.047608240584879453483
0.49633158672724708715 0.22968436137652001316
-0.34145219786096281389 -0.18558764817179615458
0.1508730875892837775 0.20282450811787858247
-0.46204789803585555319 0.16298034037019870635
-0.32649323617126035924 -0.13498465342594356819
-0.3026532479070629944 -0.019477931852233055371
-0.16951072219098384242 -0.19805992726391433156
-0.47021172012099865523 0.22284699479364375452
-0.21140001328153851246 -0.13211469828893729339
0.29331518748554191722 0.20542489260131174822
0.37010998485217688758 0.21762389705200152479
0.16014686812044404141 0.22920396470033899128
0.49390740033278823784 -0.074745242010932272381
-0.036582852322367701015 0.14283023720421617053
0.40431311172216588545 -0.1716674449648160905
-0.32995528435458271188 0.12424819004275092227
-0.38390330237736119967 0.14480435917360717779
-0.32035304641727097019 -0.20265869144834955384
-0.47924357774414944044 0.12490878812326261516
-0.22938037413138179232 -0.033738494014619639649
-0.13913380453941162629 -0.054617338580565069628
0.13771857944908336147 -0.056932959434243923802
0.032746234403203032526 0.1337202664628140969
0.35081043023673696979 -0.22964230855281220212
0.35917073890785633505 -0.14495324607693818586
-0.099802160497091257918 -0.16892694683205322637
-0.021499626423527207209 0.010365118754817201352
-0.39011111200065323734 0.16006514442436894918
-0.035413244335936351626 0.070808190907596921249
-0.090899983957716631866 0.14592778498681810428
0.4821282252044742922 0.017884166274912221412
0.38171797925633454973 0.19443341970864266854
0.48002322278622527874 0.14372347889661329923
-0.3380992412146729964 0.13761592050002574572
-0.16546136277983714002 -0.0034929387586657848278
0.49712148253043220159 0.10825006121205976717
-0.070360524552686112831 -0.15649120648322395466
0.4901398169812579142 -0.12877119801237132957
-0.14295811412449627165 0.030093698395086271313
-0.4913309199711377584 0.10504368124679579199
-0.36008305607923535296 0.017468358003383203242
0.053508998042578859167 0.12961689104965024022
-0.070458896850658439548 -0.14256022426104292267
0.10907602312854465521 0.047112086113453119363
0.074132635421367332196 -0.19504690651625375408
-0.22329123206190609752 -0.020836158332447722585
-0.44068662649973872059 0.12219367940837300157
-0.24856992338747502247 0.18684944473809644849
0.15108721551396628313 -0.05022087759166504739
-0.21462449754749304831 0.22384673398856225202
-0.24004504958907060819 -0.099388854775284876664
-0.060001014987881864937 0.067767049891918104687
0.43898722325996913929 -0.025576489650028230022
-0.42591207192738556042 0.1235061643644100593
-0.19231225102436919072 -0.13150108092714429819
0.48155684195592357577 -0.00026001441310432102253
-0.38660541813100807174 -0.1137779947332781677
-0.28194103078132282114 0.22707095387744283266
0.35711040427037904488 0.13075162421300901006
-0.10870750626058152399 -0.21621658523984646494
0.49267006356005876855 -0.20113059076858097463
-0.081432473455033668741 0.085199833307480377087
-0.066008354701375962503 0.035755801078589874442
-0.25191703907370760485 -0.19540099199625057813
0.1705721297554454452 0.086242979660873755887
0.48802567695344395426 0.027369533954986108998
0.34629065231871464237 -0.10554889182456349273
-0.44587181909981632444 -0.17196710180696422876
0.34483962643443860641 0.024550176797849033311
0.1745163026379115967 0.066777912927089802531
-0.41402896466821775823 -0.086042080268829396195
-0.2748933180527675102 0.19242698699220975311
-0.34431039398577095723 -0.14287246240679238318
-0.470981277288011424 -0.11877192756434799825
-0.02204903980253515236 -0.088342422872654882693
-0.034087993532992438839 -0.15409935128358459577
0.36356922481724102125 0.16028574996400357655
-0.35532042532861252138 -0.16554949559922638169
-0.088051397730229963301 0.078653390874278056311
0.29794386207960066315 -0.062658327823770371134
0.082929362706026632512 0.16483491596385405065
0.27021700146015525945 0.025286674355602695163
0.32807828234559960334 0.23701744775943442423
-0.47468978413147144835 0.23494833789016000836
-0.37160441802527149902 -0.063179148733686851802
-0.33628681337329724421 -0.12062393267294084509
0.13699596914978276474 -0.1286413392467544714
-0.36514253341964214572 -0.12987263547964389421
0.042997031094536342088 0.084369149171978019552
-0.20927487796625976468 0.14011801531858039671
0.13763739165188698665 -0.046056059888295225457
-0.17650910950096942997 -0.068175762381640497845
-0.45745822629396998282 -0.08410516246012093855
-0.31887925755534002326 0.056750309860670235251
-0.17530773813606306821 -0.23113548841154740732
-0.20962703657715739403 0.17019473965817738526
-0.35361603472457009412 -0.091983849009149798448
-0.31984549785756982709 -0.066114527140760923074
0.39478850578091156942 0.23690731276058113464
-0.11121312942142320968 -0.094876249102462575924
-0.13635483020769018081 0.037510029718033931212
0.46333992930166484348 0.20876507762237103694
0.38093169516392566543 0.21049174511013618583
0.36196606335065834026 0.21311240238497994315
-0.026714077792548134027 -0.18397975273829678122
-0.39412942051027366475 0.11332486078724796075
0.47335479057835344596 -0.0052922533886155219418
-0.078880572981642013697 -0.029211945916598081735
0.15108385819174705023 -0.083620997582998998765
-0.17429711537723702186 0.031988463898362969051
0.49130692208898424367 -0.036464169402921860208
0.36094447809134533323 0.2008185796329613193
-0.40671931424106599895 -0.048762037836436067373
0.29210992989975076428 -0.20790411985152321139
0.12930302683092234628 -0.17656118727286596037
0.14272510150978798271 -0.036170870858578313412
0.14832096558892668425 -0.11498918325045104361
0.38355076193211307123 0.097205129356353420222
0.23892602455102032732 0.046849137586621555918
0.20919125570996593977 -0.058487630021716169315
-0.21933329015844987842 -0.14410131727956612679
0.4715563379984786252 -0.21098374811100009674
-0.21285020176315885831 0.15698823168414807738
0.46132536551701308625 0.09936415502110342024
-0.073799096147331863516 -0.1692647438920633074
0.091990875096639806996 -0.060604205743670799822
0.14016676154369872576 -0.088484084120312667121
-0.33053594127000651692 0.19742910436372002048
-0.39021336865563899243 0.18270754652306067656
-0.16114479061732789322 -0.14788921730320442327
0.45061512906721973293 -0.17592661802532713611
-0.075395753877870258508 -0.0074375716155314283706
-0.18494418278927451937 -0.20224470532781657628
-0.047646332567211763243 0.06398857043045878823
0.29058890084120020392 -0.097153340832176152131
0.38579658765891350347 -0.033540931325784263672
-0.11129232689598253514 0.031983285767788076359
0.43404302248297532696 0.18278236688974028312
-0.18369163224186851879 0.1586729647407691679
0.18640846953233758398 0.22890656900916420136
-0.015060808587580109749 -0.18922703508945171169
-0.055605891833911735844 -0.19332237936349910834
0.43693088980862060389 0.02564125177618932494
0.1147962428312284261 0.080555911696149201662
0.083403352762913662843 -0.16806321470006266305
0.4727668647786743561 0.15366863544889633464
0.32867770921936712014 -0.22600662581990996203
0.033229008958031776289 0.11455705281703058851
-0.18034819743528870961 -0.14777174452461358523
-0.14530403347405160264 -0.18721890251185133169
-0.44498200675196597498 0.23464691162929027235
0.49269655660402827957 0.20399731486452946094
-0.39832889389033970806 -0.027619051682301786615
0.074731186449572606367 0.12782193293367519193
0.11508851984434109728 -0.11274684265023646179
-0.32217272844808308996 0.13662841806281350587
-0.37003649913890962475 0.20827972536015662564
0.3420296409976515406 0.12713586808660581884
-0.11604762661525468148 -0.14767280295313012228
-0.42226301665713289468 0.17202914909300925927
-0.47524642156419583117 0.17437599920436072654
-0.16041522847095351922 0.23572375297767084179
-0.45950982816692631516 0.18159783908503560057
0.2536299453587272934 -0.11038390507990525347
-0.37250267279122106778 -0.074032367741098156766
0.00098431584761026554194 0.14693611445282842021
0.31959094328919024353 0.20139414006956332659
-0.47022400915989093217 -0.017265827698566545839
0.13816500329988321005 -0.21493090669853934238
-0.479934320014061222 -0.19817283980079075656
-0.22042870133944783562 0.17721137736280290209
0.46287995524398994895 0.027341193244686826103
-0.2542784181735019966 -0.1380883543921004597
-0.45020352140479025227 -0.13526276570624712337
-0.10445303612055717446 0.13936662096773552721
0.42786043362781595034 0.19528207558493884677
-0.37139999539322166022 0.0097144594801209412094
-0.47918535618019525435 -0.066995654695575515558
0.47423562842611821644 0.04777807664763536466
-0.46085381460336627413 -0.16121452939997213405
0.44665718985608715563 -0.10338272440832757537
0.090565418091671442968 -0.17605440161194318982
-0.30768718028896147043 -0.11563936110862270412
-0.14666119904646049421 -0.099895612956222873402
0.18840297637147665477 -0.11996158949719963605
-0.25697852824455735821 -0.091640959644188613176
-0.47972165559070961693 0.0051132805527526583103
-0.023770229162700554776 0.05530467037863232016
-0.45038221481328533091 0.15142761348514791053
0.17165746516688895618 -0.21444530113741297472
-0.31917452060296991334 -0.23263415802378217823
0.11904508291501249284 0.14335685735221309622
-0.0021690673668165539115 -0.084971663627475005343
-0.17853583482384338676 0.077204431149381969046
0.21861014487864399714 -0.22483033742752903117
-0.29507441097198627844 -0.1064896990960585571
-0.49069994771942410106 -0.022731348501199975798
0.12411857405545213828 0.026574544908920541553
0.033995458170140976928 -0.21472537017471321485
-0.3846076778230869686 -0.16467022111842238852
0.28731102198727004327 -0.068688379383468958772
-0.49345463202223377452 0.03789044354110926438
-0.39800277507381021103 0.19232569075927422042
0.27137598313760652458 -0.13321685975796487833
-0.44517317580628851248 0.057387578609224360049
-0.15007878344712982654 0.003835691361007963554
0.087504231631338455499 0.065245136021457539321
0.14710771649478665557 0.02025628278769819185
-0.063523665068440704484 0.045844203749869263942
-0.21073465821880923987 0.082968537992212265664
-0.18996188981126377326 0.030507121708061475662
-0.15965985604885876703 -0.23473406882327071954
-0.40486351464365966102 -0.11072669189883427299
-0.47404224448668746961 -0.13159842032773047538
0.083601447834401113046 -0.23129945506008711686
0.4796108867142444554 0.067216643753078494927
-0.4447665522268074989 0.10932300742678541239
0.46429325011296507242 0.061745870830596620571
0.49637031693394961795 -0.029974626738250399055
0.47917093910975872006 -0.18182864074146715128
-0.34265741394732918135 -0.10351598384140434095
0.41933373868037887577 -0.11353099291515916791
-0.11760872967228697128 0.075383740459837228487
-0.40115134367413485261 0.082331588571604191751
0.39974004268542745466 -0.088635876265200599922
0.16708278882675167698 -0.16577503865739950939
0.3527900427062728439 0.078058259046894951094
0.15798697150988252891 0.00092699280810215102262
0.15204207341816919352 0.036599864397638050273
-0.068355048099864978983 -0.20824255525799612032
0.092998761976413435448 -0.018982890863227901146
-0.032504582704556833628 -0.089484375148704886627
-0.49492036239896497474 0.22435887845632090931
0.068760091165490866416 0.16494237226337321589
0.0071252573349838074779 0.18636214952580268389
-0.32776711044531492423 -0.051855785980073287877
0.49373933358224847412 -0.062380788675079436312
0.46083675131665441382 0.14799408661486793126
0.24785430944640124418 -0.012727058020646294864
-0.18627237793007594968 -0.015880464204478479673
0.22832959542438438505 0.060735922102310331561
0.31583606461670532539 0.17131433478910704227
-0.055991990099041655249 -0.031321854450491480593
0.44140922600557652711 0.068479075587254939483
-0.21535347163731977105 0.12315358403647412577
-0.054483140905006215149 -0.055388757234804332497
0.27321617653273239101 -0.15709484623403491277
0.044153882749265446761 -0.18570752980475563332
-0.12666873284833618518 -0.21834588154867526355
0.49584292684998659828 -0.01771200000399690902
-0.42106696059511589114 -0.042787469446958978359
0.13444136335092835011 -0.06761814621211140186
0.41210706263223645385 -0.22730611316628193674
-0.022295010708394652488 0.15682470834385212055
0.15018073965307926487 -0.064450437146453251613
0.49078911716409839849 0.10612809944427827047
-0.26124151067736389731 -0.1268319382751293134
-0.49398553341394996208 -0.14479294187842220443
-0.45275302409006723536 0.043863181847504859046
-0.063616922847852336309 0.089977381148633267527
-0.34946286644046092862 -0.12614692342476921394
0.083501852830404330041 0.047863559406551438313
-0.4754410505051221425 -0.089947020514678954761
-0.20103953128800414185 0.17888216081785487943
-0.42279119892822147886 -0.06605244413864212738
0.24785926411628436683 0.015417032889820127955
0.48223377512524218114 0.091814555678068884847
0.43371097349454951209 -0.065208124767339087358
0.42394901196713019598 0.080303039709232165722
-0.3316728174691789266 0.080893723523041624612
-0.49595361470472937304 -0.030848410800152187283
0.22297602497991136916 -0.20245505577247208118
0.107997484064128485 0.12357793463194552408
-0.038510399400107482581 -0.096972822074039830009
-0.44011957020669761897 -0.058519782376759171827
-0.3236732308059062091 0.22107472972375039055
-0.35229968633419483925 -0.013337955730354658992
0.3037757754512934727 -0.15895442069055773504
0.31450337705519654241 0.22764272883168298889
0.48129223352265121383 0.1027443504465977292
0.42406438639773330612 -0.097581312394940555865
-0.40295155266671239813 0.14443297136781632628
-0.3895595371549990249 0.092186663461767973105
0.056369176824391291347 -0.22325817532557934442
0.38514006603715766897 0.23003594132626864477
-0.31520437032653642051 0.14512733894962187575
0.011340534996845598459 0.1027217370826051801
-0.43011594297359490024 -0.15486813799481888299
-0.28963811995529509247 0.15069117278968352514
0.25860292448928928755 -0.057438371505069439615
-0.25851593078400386672 -0.23278994028678068329
-0.30524639654384583265 0.20375336279045141996
-0.18306269124066715248 -0.18742377992244194096
-0.16083274774888225989 -0.046425886148042307122
-0.26086190275417969753 0.10172664535924109963
0.4794783213655290921 0.23198256075016140954
0.36869740812030810106 0.19307033166362508325
0.24791973833504432623 -0.18561759398420973888
-0.14126092308637264172 -0.022507473638568857577
-0.061989105425641871649 -0.00360277357167258349
-0.17641212004681397496 0.091403362069960789049
-0.28437102321557194973 -0.15788213713891366408
0.11818350843141393891 0.22675904436506039152
0.12997477994370498777 -0.0985912944289996096
0.40616690694457074917 0.052577925698723979031
-0.33027957307700267497 0.1548316014052885381
0.11556804849648007194 0.18604544966236322145
0.03757624498836432958 0.14570960355727605173
0.17948421583720497452 -0.16500715904093252173
-0.24424917555005457026 0.13056115841627846663
-0.29705215502259635363 -0.047275347560840751127
0.36513192552800727286 0.095776956181557210135
-0.46456498206020224728 0.21220120742027717697
-0.18919651707159990117 0.051968792142637963705
-0.42418599866592471281 0.098027125481098043025
0.19387423685582824695 -0.20492441789477847114
-0.39616599115732198388 0.007968169712755695383
-0.21098120855128071893 0.041244018793600636941
0.19779434249603480844 -0.18967235048015382293
-0.34067906395355129767 -0.17268471364579568439
-0.083518653971592249352 -0.13910548474852163503
-0.42416917074958992995 0.027580387816522087402
-0.37936467631883064033 0.083523360480473943235
0.021831551924739223819 -0.20633527503252130364
0.10113465374715342737 0.1668491103137274556
0.20226423503898283141 -0.11459159732936793907
-0.41188564799770488456 -0.20712448777418579482
0.061464815523624545535 -0.060553980716138218476
-0.34656947884079319921 0.18942791453642507382
0.41944348876252363079 0.22388917956456821923
-0.23723790743732456332 0.051020135734582867937
0.047246890663444639225 -0.03287447436747837487
0.41015200485248948237 0.23549157774861259607
-0.092992280821200853924 0.098879250242731142606
-0.25101634867986072353 0.055231705490285026849
0.37756244250527565276 0.18244164368562476586
-0.34393841485205595143 -0.23598825330464603955
0.33992814849104469044 0.16893307578709901295
-0.28569385022967141996 -0.07708635456646606432
-0.32346182046108823416 0.031177952270424160591
-0.23876159284386103132 -0.13655282514803154803
-0.31492055287914300088 0.0066200118234724754027
0.488369489911644028 0.077993991386170122282
-0.39113675497974587092 -0.22356449991686758172
-0.3506722208665745133 -0.20387175208867630571
0.36651152128231417882 0.12124303909664906065
-0.17960435754083317605 0.0074692463266290603022
-0.38860016146612624821 0.059944839890771747792
-0.034599036350164563691 0.1288262000899576265
-0.41329334260311156868 -0.15821645718722962548
0.3636915185394081762 -0.095270345223851693461
-0.17861628935064494117 0.20346303292182563172
-0.0065805840371807129349 -0.072607075051002209487
0.066471882199674051095 0.14384192510074933491
0.34168588956633899612 0.2089168327327167729
0.49306060794363187894 0.12119768209486984911
-0.28655066415452168371 0.17700498337609674171
-0.032542266558113090713 -0.080007800218749758336
-0.27589913269432220222 0.15684286181347420475
0.28960635987686234039 -0.1930507447301157975
0.11413018509538969125 -0.087039684806714076593
-0.19565528917271246545 0.087025334469576096086
0.02847487869351498016 0.081191498970109465816
0.36453342001224120494 0.18336577131601949908
0.12806040894195461211 0.064008745480870432587
-0.35382503477348858922 0.23213437009503454234
0.32809568239809383527 0.035092900028722937011
-0.26971044158297208249 -0.16283504767659806589
0.30557164881753723362 -0.11075893819909148064
0.10213323796506199037 -0.19377582606450363678
-0.14304805908156986716 -0.14312470308626348836
-0.026118234775669928183 -0.12620257594894787601
-0.035630253399160601024 -0.0066510489051307443431
-0.36560755994680521619 -0.22416447435971964541
-0.062980747182711821486 -0.093148827868487799053
-0.38179090536182552773 -0.19760500265468197711
0.49512644101086983328 0.066584991331213941312
-0.30383514965313812572 0.23675406254398398409
0.054672137496863129624 -0.020907485589549745786
0.42945988071700680333 0.20896166723918307984
-0.46193008237899141344 -0.21802897537038679054
-0.43004335499406892707 -0.16805117497537344629
0.35408043402181882398 -0.12299157389067214008
0.49582203850940193002 0.13132906143904030105
-0.1429717371717109109 0.12351639645909785747
-0.38576269525737194588 0.017034354072824817172
-0.46819637313962175762 0.014882478703540745826
0.22930989829548684145 -0.14790086383975226125
-0.31225201039063016362 -0.052584098419823199766
0.061600262019558475746 -0.047350736675911483942
-0.4741773780639506608 0.1060326472770452555
-0.36965788125210496951 -0.053477352365760399966
0.284991462061656875 -0.084493431540400162905
0.021157485089749461515 -0.071697017303160803792
-0.38183469584903129146 -0.024391418289172645678
-0.05718975799903817242 -0.15205522258703216276
0.24408846241247919573 -0.074437727859472321845
-0.19069068032017208458 -0.061349595022628398977
-0.15873598347687675747 0.08546867034158624199
0.36632356280172995167 -0.035664966727427055426
0.46997716462527366899 0.23330824970500141369
0.09234553629843202105 -0.21866329384657043344
-0.14934988339733556995 -0.2256157661628583333
0.47815905136334552195 -0.15263783817569540058
0.034815431749675267159 0.17866806351684483278
-0.01862569317693214474 -0.15027813435038187007
0.39878035211250334457 0.039578054887730577949
-0.068429586734635880485 0.17897683482840645586
0.35394626055068068027 -0.17327560097482824775
-0.1824373952141772337 0.23273284059643015165
-0.23026170639199783352 0.013633174871072621659
0.024777070654990431681 0.14289051531048990729
-0.17309394338987751927 -0.018623373452681005885
-0.35947605441658642134 -0.06701745081896905154
-0.14869894337808398088 0.041495146387565420842
-0.040952548630590578094 0.19190372521440898779
-0.19703512697027400491 0.040386733835573583595
0.18636933752840809109 0.044153893175937340698
-0.20698085943555638577 0.052795130780885657362
-0.19852492718575986963 0.2001417943162990265
0.10461079227645156409 -0.2224270848880965934
-0.098696003768329154671 0.10461784300270825232
0.042437234587820581166 -0.018384636960352918056
0.33335193586747030592 0.1193461127840849817
-0.091880663736945047959 -0.2125386770126152236
0.17862207750896702541 -0.13176284926507536577
0.042495337904639267357 -0.04349591144261481801
-0.13847007144822445768 0.073861129967519312256
-0.35477937927229802328 0.06809562096003438092
0.49410007064683231226 -0.18764884689311470134
-0.158978177654170022 -0.17416346941624152866
0.13241830367471363328 0.15247403405872703153
-0.28033503321514263718 0.056050093425992549012
-0.38454748352532958089 0.23703380289342182441
-0.3528971233907381988 -0.21777190029455367748
0.31631824120100249242 -0.081063547095587704105
0.16970275914599922129 -0.044900187027169323473
0.28184445759901322059 -0.12197726125909112704
-0.35424584979018786113 -0.1076904043849933601
-0.37261874628278207622 0.038676234670164115481
-0.45839352126619392624 0.095802437592764855268
-0.4148506627885289455 0.23515666755368197505
0.44659072876402527985 -0.19636799832556456336
0.4409576899939021688 -0.14023676943102267312
0.1256494969501968928 -0.23321130957871866185
0.062356752610979504503 -0.09980915441270588051
0.028776397308568270328 -0.091996041230681543932
-0.25415951599369335234 0.19834991233091209262
-0.29585462720630023581 0.016019212557363930738
-0.073026081762838715439 0.10887721745044458277
0.30776811100652107234 -0.018357416259515028922
-0.057320720491927192042 -0.079925889737898742071
0.17392374433337942641 -0.055774072755930957646
0.1153816884459404335 0.17086893103727401888
0.21886207942813737382 -0.11480742907966368094
0.49245484922558924179 -0.14120999530009725742
-0.037127773930166918515 -0.21788354247711241851
-0.022593690515012063852 -0.21138762880510625353
-0.0063441930459793944783 0.059191231000453890798
-0.2332070504026955704 0.15316580377380109579
-0.30650281417100927461 -0.033236379314449102096
0.13459397001657275039 -0.16200150437651511526
-0.4389548273207031226 0.22253163697920422259
-0.1892001183732547609 0.21462059614544490294
0.18710730138991826799 -0.14461247225834314434
0.064677921737559748716 -0.20139325503809316076
-0.33119381170095824052 -0.10652194834619069241
-0.09695919255383102231 0.077505317120050265522
0.18876921348303665749 -0.071325667908422041297
-0.023492411587308702908 -0.10940046466665291625
-0.050431618725506902057 0.1023908416395928056
-0.05410304904413047733 0.17137288583777360307
-0.08043999133301434068 0.041437710234751720662
0.31794427955922865969 0.23679852272131823865
-0.32902660215462992133 0.095404597970362187143
-0.25730072600879999589 -0.15909779823500572182
0.11938392106025440265 0.055693315291875024331
0.12782058275037452844 -0.086512141634773165322
0.14564180998139841794 -0.0083449925782186715889
-0.47750123638589708763 -0.15317378877040249696
0.080761934608656146817 -0.03415703103346208469
-0.07363006702467975173 0.092692986800098547961
0.3044681620299630187 -0.094174127759933917714
0.40184704532169951419 0.026496148617524702129
0.35702949989990634405 0.15202262976369501635
-0.11937041462808990755 -0.024028298754268751641
0.40889275071140024354 0.20181149463266917499
0.42473547073990913781 -0.15687024135007063275
-0.0089220414013699931438 0.19573697695942343655
-0.21481017565069027153 -0.09702191581633881623
-0.097025651265118362243 -0.13226691769352344474
-0.49385462772683080823 -0.067985078942577770178
0.030607793746715915989 0.19218492809469439608
0.30287743028522223776 -0.23039905763308277109
0.10196268600858723885 0.0084994857809398052101
-0.26247418322756094211 0.14714345721596194805
-0.045633390316985822377 -0.14367161939045114405
-0.20505822517443758612 -0.041131647669456511407
-0.28513101775259680482 0.10110699041390118491
-0.43642268292421920739 -0.10694173659221480055
-0.27632834198179728746 -0.031016061505495514522
0.085598969996471596655 -0.14457606923297491863
-0.30565080469425320864 -0.0031781865270246287443
-0.37203735616970512456 -0.093466732889814690965
0.065307982202689032758 -0.017782298354387694739
-0.15435114227172516688 0.18319968601956121423
0.19572158658929481034 -0.13621711688906346094
0.10908001852260756914 0.0017652672550150410365
0.074518565457635146942 0.18024918894223826427
-0.4412291722261099669 0.20827621239212951165
0.35277468734247674487 -0.075099521722788914468
0.28081296212771900134 -0.14471081169488839158
-0.33699453680805907529 -0.20213899372286867062
-0.24516744535501949764 -0.17947022023536843283
-0.049318537062413105032 -0.047218144197314515509
-0.12231211982050051168 -0.18903803979812247582
0.32380922441049908578 0.16578846995841961531
-0.084958813933915702798 -0.12283800011375430039
0.21197050596149019652 -0.042803206603650778561
0.46906673297813833434 -0.12134227084452331447
0.082920814975254900081 0.057736064192375334547
0.042971650933120338067 -0.20442166557583188458
0.051232381614124668234 -0.050010518668560773048
-0.15406288255132827292 -0.20076165159598557963
0.21440281980706490939 0.22703419814281611266
-0.27065671448290912204 0.2076112384422622581
-0.26613379402201442492 -0.11193338852211737189
0.36710446223503978569 0.14535077905719656632
0.35359445843151970923 -0.02223172436040336819
0.32939759633490461876 0.13746234958271535964
-0.28002351300260941436 -0.011519073453972383456
-0.23415587332862097814 0.10288077645032343843
-0.086312088448557824916 -0.088852972894541637494
0.1948356411826388801 -0.046374740768897242116
0.15795041356709990654 0.012775778601798732162
-0.16883102615091591381 -0.031871277291994196124
-0.48260381207181851648 -0.14020330380718262764
0.3388531838153745479 0.078651916606743740856
0.39974908644847723105 0.20521257416810914642
0.38286171814331942942 0.047019311916380354677
-0.044785125600296724069 0.1798913531820652556
-0.12074613866488652369 0.17367723900782433555
0.15460053833088754915 0.092588593014770084744
-0.48499702057498933483 -0.033902359781293099628
0.21176813780029643541 -0.07736055749475569121
0.33841838974285487485 -0.15133113448079391072
0.10856160429846432869 0.062969798430142401302
-0.36883061318770843373 -0.15918227994865696839
-0.38234563590679876421 0.0011434153423608582525
0.44688610105656467741 -0.12242993399260837517
-0.19785341097881781192 0.15109060698471785122
0.022795179174586718829 -0.12813723868959958629
0.14356212375411095405 -0.23250534649993953584
0.056422523866950048677 -0.1693855282670721496
-0.26221168946554485046 0.044050361150487590822
0.034277916909453233496 -0.23384355216794877608
0.19128683713757477225 0.20596722817749069101
0.1706200487392921239 -0.027421522101004403016
0.032288307122178901143 0.093135330970359767044
0.4218119835660220085 -0.055703571933150113071
0.3498994445070375825 0.18244095151746295147
-0.48928833763200790807 0.060790346480717002975
0.48508592612549411571 0.13190323665261402541
0.093243837621918165826 0.016849172222650823927
-0.050928081165786641404 0.0012677477037736607172
-0.20005043679473977214 0.12272794842277462424
-0.21195169729820512172 -0.020232152692916179071
0.3149723317115709631 0.084133546918925466995
-0.18660024748399639538 -0.028106605149824104295
0.34361692102960461614 -0.037404915078758975422
-0.21391233030752235256 -0.0083172554461571589213
0.26028798126668722945 -0.20507889103952131604
-0.37498124779582231447 -0.038871383384640814662
0.42316893523484860884 -0.13058624794632819888
-0.25063866237961085481 -0.1098264776912962204
-0.17752035468849558519 -0.047632629415733582223
-0.030682267140638493086 -0.034590401283385460718
-0.36374992430944036448 0.09649838017452082306
-0.19047259129474539141 -0.21691733765454143668
-0.2504760844958343613 0.15204155269040667275
-0.36124992835304420291 0.17837535708735571816
-0.18792265832063406727 -0.11268322415811632409
-0.44973184122976933574 0.013967504565595225546
-0.27677721062333171531 0.014232268719827377568
0.32935776397818844474 0.15647866692027395663
0.012196940222463528367 0.11499832251533571859
0.36933325206173689415 0.23396043280749231896
-0.19080434127837353486 0.06807076800014671969
-0.34910964022535601048 0.12608418586333555722
-0.001015968747826537363 -0.18077904564895433404
-0.38386160744611425022 -0.15252936274070202916
0.094492079451257232625 -0.2336470857139001378
-0.061778989755936895845 0.099092776950039457295
0.38610650643294913698 0.17374656265949103839
-0.29208467324599224346 -0.18760022892195649113
-0.47414325073255370047 -0.054987492939803928049
-0.15566767001168013707 -0.014336603707493069185
-0.49328186103291837838 8.5934847087207731782e-05
-0.17437046446229481633 0.21693125382894198894
-0.10752795578752158412 0.11645284339801774409
0.45066508527406973217 0.04561777396676692381
0.093210267631082824313 0.12412344673936828721
-0.35465000162348808699 -0.054062491293033053397
0.3019855448198502379 -0.034208495686470122288
0.49672311532179319604 -0.15413321395281678883
0.37267772454531761239 0.13207720981639461955
-0.2834180922081844245 0.20348250682405882861
0.15454317354280483476 0.10869383796199641457
-0.059591550921275840413 -0.22047088782695772879
-0.080119729730466784923 -0.22389492772554314692
0.34378852820632188614 0.19692715443153302468
-0.49348850048399456325 -0.17845174521138129631
0.081189679275282464199 -0.06157444403057365373
0.059945702837718897737 -0.18828352512172003008
-0.042192853170405851537 0.11929268992870922794
0.090014382036898085704 -0.10741365527135710023
-0.22204410697129786656 0.091242001441624850933
0.35940449892350090355 0.10948964490838460073
0.24610285586293667581 -0.16980206367792044508
-0.23943708138347616354 -0.23530082483240746805
0.49307369381146237686 0.047609310268385114651
0.0085719601900670523709 0.1288720845927709413
-0.3193781669203863971 0.16449060318940184056
0.41988177707686480389 -0.19913920706485441214
-0.13713496318905216143 -0.23334098929389840427
0.26681923004427227086 -0.23473055770010545218
-0.10899004780358592659 0.10594981556613852769
-0.26788964979170337699 0.22262527906398743571
0.097186745460743281799 0.074342060906006160459
-0.48535349726545828908 -0.23489548982699506863
-0.30287759777951356321 -0.23228962348193846199
0.39009229265606998327 0.1272720886909178839
0.48361848981457550289 0.1966205051140577087
-0.34536740916154617942 0.21929689227985940669
-0.012759269595958428606 0.044845040147492909455
-0.33219598679407708053 -0.23211380189609681635
-0.36283713239761561375 -0.042686422022810907584
-0.15725955597991783663 0.051945720457209611232
0.40241581526833763993 0.086867579710448755703
-0.13350964435483173021 -0.15393963071160590705
0.1252144269881487193 -0.076326421321387713514
0.05446192144900562776 0.075813791311750394764
-0.2253457701541812519 0.13252552590244140451
0.15510620543452849351 -0.096984898142130251952
-0.36543046314916427519 0.12497250648961773234
0.35094285701524757792 0.16183453454728438659
-0.42173236251879647751 -0.017909405165953386219
0.021405430571313617538 0.12917413215069126209
-0.01319246597313981223 -0.086286217834797909743
-0.47768354833555920491 0.21096677630293789174
0.17563901473036130918 -0.0013345011621099744058
-0.47414740798605659045 -0.030488167852930899565
-0.38355452886768981458 0.20951176346241245918
0.37856812233123027234 -0.017392116418998172095
-0.021700507839165945889 -0.19870787108229176487
0.4788648770033094304 0.034730772163207711267
-0.22137924750005910646 0.047830291430912975914
0.17645654080913583672 -0.14883963889348442167
0.022149090500625977923 -0.15503842417615779081
-0.48018552192498420439 0.1529015252325185148
-0.25337671439955306019 -0.0065606130184397053531
0.3629688181534294622 0.05116071215034065367
-0.035630449637558937737 0.17598009026210748029
0.10337376483036372909 -0.059007308540721663259
-0.44940887543600260834 -0.11780505748018045564
-0.2850700510827204881 0.070268938359670116145
0.053423860794223898552 -0.19851675474038005254
-0.40734511090277414347 0.019741484377995905525
-0.17751740939950860776 -0.1742689538307951036
0.23260085186329795826 -0.19525433953021290034
-0.014568078489403555806 -0.13545239396804426013
0.48811422922599562169 -0.15342766541863883667
0.050493093614977148376 -0.10786084199249616755
0.3258954853371461291 0.072077109243532597183
0.32619225820794850446 -0.17265815490303548785
-0.40660183003434391402 0.21387272630820286512
-0.3424156787680660563 0.0033455793413980938235
0.37674579706519650824 0.011284258207269486432
-0.44528995093474449396 -0.21817260148131015218
0.063333157014147808961 -0.11217003892914068075
0.077643933210765042618 -0.22403938552679897311
-0.015655748788979521186 0.17414611798351645189
-0.19455903573994501321 0.23161959786550365137
0.14460297744732766856 0.07991993781586111123
-0.24522999671388726051 0.11559207729019771449
0.42953782716371757822 0.2201532604465161469
0.24772960079489037 -0.21337332046649667983
-0.23156531293888393819 -0.07400794992279827178
0.33704293041986199686 0.1467877773405742714
0.1792509283186644875 -0.079932677547645117344
-0.045081817554424523375 -0.027383346825265289515
0.096456597746421748885 0.10844911284289390774
-0.19868773947484300035 0.16374932002297457045
-0.41733812805085868103 -0.17510261203695021148
0.089634546704823181429 -0.084909633021777411455
-0.083645000078888712136 -0.18294373940433830694
0.49310851374561875948 0.14123562110767773348
-0.43807600297046095372 0.18182113932423801805
0.33726621501531678371 0.23705730352226003776
-0.048644803864098112856 0.076462817707871832962
-0.46220399576242143791 0.12285203547942977198
-0.40976577474399833445 0.057885931517068681118
0.090569167650022971983 -0.096057660115986570615
-0.35699564176844261754 -0.23408210731697451368
0.22599064893389667064 -0.097019154285102007784
-0.16520854048516883661 0.025321596353462975937
0.46782968667731866796 0.185536098287826412
0.48835649245061907298 -0.010206168413507058293
-0.054151093466702791834 0.15988675337244709351
-0.49352227210819132885 -0.08726234332199843402
-0.48024811994175564678 -0.18075917676554228986
-0.15469444946313204436 -0.03127867177844492752
0.37437148272789422254 0.1628014051908387716
0.076432348532189914314 -0.10669752670649089443
0.053171657815245229606 -0.21141652019391529715
-0.20752996773214751891 -0.059655979489205028521
0.44096977909966100784 -0.042976058490646631971
0.2697831427198766896 -0.11016055563246884841
0.49519207657853414606 -0.17510176353217041245
0.092545653003674330228 -0.048596887499613744543
0.29085508110784441538 -0.13465315091984667029
0.31928713292982030536 -0.15074919348195650604
0.062401667098294304192 -0.21350767301512754703
-0.43640968481088532327 0.1376061445539184247
-0.49258151150676304786 0.13387249960470318233
0.25969799274519816956 0.10757881225904787625
-0.0074698838838144245023 0.0034909503486666580881
0.12532256806752059553 -0.011341916096339011918
0.010210561143318199265 -0.21404117079731099782
-0.41616749588391205306 0.071758772211048357792
-0.27201329738109586431 -0.22262193038997346584
0.16070463445802596336 -0.19719065278896971694
-0.13450837122117703659 -0.12845969156747910622
-0.30649739125486669122 0.066328628983210180525
0.47698480666608361611 0.18732205901260357006
0.18304698952661510591 -0.23206795613847541748
0.27613980895345713318 -0.073333235495663173786
-0.16087490804646559228 -0.092646274794926847251
0.4459966449103219821 -0.0065037044093076666618
0.41705154168242392076 -0.031166654235425979291
-0.11346264105264113053 0.048106677462032711168
-0.46786102775857074665 -0.10088055750714175485
0.22165921558979495565 -0.028408676360120760362
-0.10458331879907546702 -0.15639500264240335792
-0.27607105130266856863 0.14565836719595801063
-0.097945279387533376592 -0.19680785873334644132
-0.0088760018679537918546 0.15719374884385514668
-0.33030749904050460408 0.17156763596434795871
-0.047827896168535076471 0.038213844785386169578
-0.34416732436857827571 0.23370489172634703601
-0.24511257376996084534 0.033210744209072370903
0.16518609120227414899 0.12643316426365283633
-0.1689101989696909778 -0.1616758609866942864
0.08076374563545823948 -0.088697868464862009152
0.44350321507676848665 0.15409985177783211419
-0.11472704056069496503 -0.16686769851260621622
0.38683291331822333703 0.16117425931677267781
-0.3368035503156822652 0.039140492384031867756
0.33098338272038357877 0.092260671321316531368
-0.018133434718028154653 -0.0064953897843362659245
-0.046355683283994843225 -0.06421317503330968568
0.004675742978971963483 0.013281822055058019327
0.097684961455153637711 -0.070863282211715422632
0.3133131165501044646 -0.21084333602414878639
-0.068345437137975667552 0.007656752787671332848
0.12132104196418393161 -0.16929101810324831412
-0.37473595174079660231 0.063458087120569300899
0.48340353199302477094 -0.1706777839199413449
-0.055539724510108211264 0.12591497179885449698
-0.28761077232070281218 0.0043732002759347514409
0.18372573426827609744 0.024106035413048156058
0.047567860257152365377 -0.063496042404015851091
-0.41489867650402795229 0.10971419419176720034
-0.44586946023970025488 -0.009362797079491318869
0.080976807936644287778 -0.010681863927903894121
0.49175052797648405312 0.0026682957204044932195
0.072394228437562657685 -0.052611504037541070855
0.35238568655376023564 0.21185950956381810473
-0.3005227833266237436 0.10291514357370212807
-0.43186676379676752768 0.15396840616871934615
0.10861567115835978059 0.089941140651888004665
0.14166222867593405987 -0.10221666621421530985
-0.37733043412931627225 0.1947795467224700261
-0.0071731825411170653875 -0.20311747947107722245
-0.18392665890552661878 0.1212544065591011494
-0.087267381272891630939 -0.054281393535071546796
0.29569728784555593393 -0.079406522859154934912
0.31730556127958309265 0.14682119228575651881
0.15680410234698380356 -0.012401465643807915371
-0.010875782837341911591 -0.1678745723376607879
0.062953932180701041577 -0.075939738293580721917
0.058361065833867457886 0.18632020389500411617
-0.051780614027778330832 -0.12900401632264471563
-0.31754665971294959714 0.073534344614097982284
-0.46891840343462126706 0.19633546923908321014
0.16363323485272621149 -0.1074052714792413793
0.38921836966933259783 0.18626090400201178454
0.13973681815605096257 0.11673678193385179924
-0.23053955792486491294 0.22420442739156862255
0.2267529562429832779 -0.23428672671929859361
-0.25419389968135053248 0.080536659036432672876
-0.26744157345600860776 -0.072268574823373135652
0.062886728493019780628 0.10286790669976794699
-0.46366500769410934346 -0.17469495285496083881
-0.064681385171621391672 0.13789777263762539872
-0.034709289861642032837 -0.070885266332167351511
-0.087962415691280909646 0.054839206303458530589
-0.48334977542369206294 -0.079285771807565047498
0.11081832158435850344 0.14891154432481049086
-0.39146151162113479449 -0.03892644253424433487
0.07649905347694217761 -0.11742408164833655071
0.43598352837334231058 0.1298634662785808358
0.12080410782826322968 -0.12952368375604608741
-0.43707771739001743949 0.088485608624298744962
-0.21923974743996785253 -0.19404713821558661202
-0.016173776442796824332 -0.17791332069978010866
0.31741872641421797763 -0.11997532576008704264
0.25529581498981407384 -0.067070594718432213766
0.3113250959925032979 0.21143011042835932467
0.39901216377816473013 0.17909790558765728563
-0.33818009671845866704 0.02685599829571995098
0.040343357549089131631 0.16686458712319013342
0.32937603930568398747 0.054412675249131028932
0.23400778493051208051 -0.13186345922528233676
-0.22170977689106802222 -0.23460730297360668506
-0.42467701094215032365 0.20291801886421600987
-0.03359889380384106089 -0.13773723189477837803
0.048082021650397863133 -0.092480950854307256148
-0.24595621057140287791 -0.14980767547791135064
-0.29353104731037188424 0.043764373260297653734
-0.084069548163857366063 0.095356413650250770875
-0.047085381650583360558 -0.072548893968868710669
0.49514059209206789935 0.14906205267661953862
-0.39839828433375912287 0.12991009227373889745
-0.16028307758763540858 0.037004857667378057706
0.1651105259218307586 -0.15363639713516774599
0.11450124121312457715 -0.065572808899997461762
-0.49313135607163183227 -0.042587921616521036416
0.098553758695514137589 0.091200458433036646344
-0.28527298306234799563 -0.20289692680333507036
-0.15747777793006748071 0.016661581126956172966
-0.34931573060594056646 0.08092349190535397252
0.069948896568866852919 -0.21973342583614993706
0.11032995968767539408 0.10593975795826131303
-0.14761057438183600166 -0.083765717232947262127
-0.18693297846906270498 0.19367351486302364361
-0.071818177025624971299 -0.060794733010418162966
0.17619171220111454201 -0.2010783851629031338
-0.27470547541123585544 0.074959640993415871391
-0.14788694006339164755 -0.11949913662985794938
-0.094391107285621431155 0.088330214110410906758
-0.4584790599189983995 0.23657786011643866519
-0.10099663351524820754 -0.053867592369425905396
-0.49331077780797649712 -0.20433732243784477611
-0.19211490575603434872 -0.094375691574890188673
0.1431708965571190928 0.066048497008254519747
0.19869700902085649097 -0.10032359719445918533
-0.43370493623104455772 0.045888434123199449421
0.25716069710187988706 -0.22425883661387638335
0.15324169346146543358 -0.18385269844206203471
-0.25324663762926924448 -0.21294017527638137155
0.021662017700313378893 0.11927471481539633769
-0.23404805890491545139 0.040455413369627463149
-0.30466303061637511895 0.18300762752242372144
-0.47881629541979708886 0.025790900392564021504
-0.39564725504271075485 0.21610728322313610406
0.49619293493344640567 -0.0058511862060319089554
-0.33259771599891951865 0.2119157509223454916
0.033800688203844297952 -0.11326344763193524345
-0.31938785265454877615 -0.011079959783944354212
0.44785141502516934153 0.11400155878840834145
0.0022627379894389816097 0.093185779655508046981
-0.20922943828124790366 0.029550713748880432646
-0.21562523081917947532 -0.11376082809018880915
0.071748545771551153205 -0.026352276524813585817
0.24658914640319906653 0.22287036377515639929
0.1025198728465130521 -0.035323831031833737015
-0.27823327893926907972 -0.049063823481823219674
-0.026424806486617026524 0.095645525318208773902
0.42971291980766007645 0.052762966888368026397
0.34831250568457722272 0.11615501618898205205
0.20450215419142497852 -0.23403805884720257913
-0.019810315456027086101 -0.070953863103180775385
0.1012248179440001089 0.13936828415754179411
-0.39984247087499713569 -0.21595974648809468377
-0.20664991414515099244 0.0054833389971168412791
-0.17375200737723570099 -0.10734107207677347218
-0.17146381820225101156 0.23209305505648603063
-0.20343342563542057833 -0.079362129121926416886
0.44091980813832198915 0.21408452339101727291
0.0052664381142908979483 -0.046337646868600146366
-0.0040393162553898458167 -0.23375855722026409045
-0.10096390834738079578 -0.18257610109948874122
0.23193821159863947656 -0.033795059458841980593
0.21993784392070980793 -0.17994244022233341074
-0.40256879277779911153 0.099679591063627365211
-0.0042564170501666592078 -0.025342855440259132171
0.48278298563280575006 0.21201380015840218252
-0.18909435352549169851 -0.077263141349367833732
0.062938426705959560348 0.13314263744861989935
-0.02641770209704146638 0.17120857333850611481
0.46358527182584197135 0.19643411988083561703
-0.42079945351942366072 0.1896604341062357868
-0.30635942199416082987 -0.13635222372801858448
-0.40976013495101404338 -0.023746746660511255933
-0.30819539712915999807 -0.082042162000368359931
-0.41971827500421582391 0.14056011175471164187
-0.41247741292234124666 0.15827218113714119907
0.30660379397336945395 -0.075726789900686694579
-0.17965923589790339099 0.061730030757437867606
0.29142964165705675939 -0.11339751280673626699
-0.25113560835192649812 -0.062628501344327763833
-0.0077068841709833947606 0.019368197922751521217
0.36149782873210062339 0.06637178833663658073
-0.37924056943248601881 0.10218193941329788144
-0.16751607468887719232 0.010947998410142628645
0.35933514420477447038 0.03451665997904906219
-0.43338140130159735763 0.10726863231670608068
0.21642351085549713097 -0.012248200635781400503
-0.24435565096681272079 -0.022144251165249623226
0.11514700015445566983 -0.053911998132146067564
0.045921738798011264848 0.066249765930545115311
-0.39680624346794379775 0.20710510377205132437
-0.17034679871652363969 0.048216122417283971413
0.40904273927147066781 -0.076851116290966872691
-0.45465838972394662099 -0.045331205875748993572
-0.2253575251099152188 0.21181806947741665947
0.10955406393180133762 -0.17391730075007036382
0.34695852571402013842 0.10182831433927289067
-0.11779413156121416872 0.088661776498376518307
-0.3987900647964584544 -0.23361056386473530444
0.21471643423873465473 0.039835978577065202233
-0.38368065409327456461 -0.066516558389474039759
-0.20257481333577723182 -0.023406120117279556603
-0.49497981111745614768 -0.12399520453699063027
-0.49516766466813011416 -0.23083561376366329432
-0.23463591414091974907 -0.19103671150449949567
0.19907374874586947211 0.011893710767439858236
0.47795538367075779407 0.17300142398594053894
-0.16038145707350784375 -0.21677831579290060549
0.036770126146681153534 0.07342399315056021003
0.37616957993516453307 0.20172243715680276965
-0.31116547423720986032 0.21737279983552262874
0.066131855671897527005 0.090112015867757508381
-0.1801948742261315628 0.13592891040381305245
-0.02821711931189939751 -0.16832532895465593392
0.28541716402898842375 -0.23467148512952618056
-0.20915804386874684018 -0.18612333829885371883
0.30479423911416647641 0.23571176065521826093
0.04726833667223059865 0.17987492134071492167
-0.35997741538902150449 -0.14490649829096474699
0.26203751533534797025 -0.096850156381029534058
0.12468326914714757125 0.10208704739761299829
-0.10592915122404084061 0.2063517652522543766
0.41038221643787575754 0.18070081750619168548
0.090282008230144872307 -0.11786460261123418714
-0.21728880045008661104 0.069827377332546999855
-0.076956279022304008297 -0.046912058520018395935
0.057364220931507101109 0.047121091010506620245
-0.49056947408782203279 0.23562636481988741277
0.020245723642176586404 -0.010535231725938282513
-0.28018595455590750154 -0.17418814249838543429
0.40451285214721194317 -0.041373438348625564409
-0.44303518052750856526 0.1677907097354455479
0.02023517913227803125 -0.039937080708478005231
0.34820451750626651988 0.22810525861271480075
0.36872608976256504576 0.20601494503035500117
0.39616708852026366605 0.22750410173260546265
-0.41130055538977067231 -0.14177102933826662978
0.49474669212169564148 0.08978886742992012171
-0.058542360219399583454 0.016696492390402016548
-0.0052152004846776761626 -0.19163011623356721036
0.48130132259586022592 0.16042763220632097476
-0.12804614892946541982 -0.085181792788774760017
-0.31758711641484538291 0.17869949714153468556
0.40358195913438749125 -0.14145914743923604373
0.33225661376026605076 0.10695623398413407756
-0.035870948767411980906 -0.19295996258741010543
-0.27897816407012654416 -0.13934565630701753469
0.17127864022875630146 -0.18264469189652660086
-0.38635736530337333461 0.22857660851802902302
0.017693459827321511568 0.13656007639912778884
-0.28608145988896532819 -0.061261229943956885258
-0.42679646183618569211 -0.2073408268730502213
0.063734055871627101619 -0.22890669811503469577
0.064193330165243922547 -0.089545401703143415184
-0.18635291126129305272 0.17313899330091783724
-0.32835171637376325826 0.012846906982392906557
-0.33748892007503100698 -0.021985669971654572125
-0.19753280191076028061 0.018319005999723060596
0.16349444526413528522 -0.084029508209317663181
-0.37396707396438261251 -0.17386875920207642277
0.13951190992686773873 0.090990271560010965723
-0.3803202953691421917 -0.10465554185838314705
-0.092103658718909478531 0.03442726603942590502
0.47212306792941854949 0.13026174764676118345
-0.38774573185334565428 -0.2112234714569201921
-0.42671731839160620403 -0.13289198037587182655
-0.095116440357938605854 0.0087984001569912026475
0.4615149070347732696 0.22061498649570920882
-0.47498460407816511797 -0.21013304129387996855
-0.090903348559979391119 -0.0067029782973738599727
-0.055571548438764897804 0.053859683357203202991
-0.25835346174723605728 0.11814897690711052836
0.30791627510107155707 -0.13543153563337206879
0.41964048776080281611 0.20708674747228117408
-0.099435269445073512506 -0.081204146069860747015
-0.25079076329203325857 -0.03702992524712171718
0.19333588925939018677 0.095520435091206876144
0.40613478700822874812 0.13205232473103498125
-0.34194862298247108434 0.063499119734308634433
0.094603329151070406078 0.17508115304068400109
0.2881449006792107248 0.17453372668323283157
-0.43317884239860438012 -0.088218660679380903056
-0.36635815206837107905 -0.11669048082062496996
-0.29088525050021035723 -0.030178950343860810879
-0.19411153552778109832 -0.047884148152258630693
-0.45085432096199373753 -0.097469501772694075448
-0.14437336157862609709 -0.17403275141618884669
-0.33387092392276773722 -0.0069553955070910640848
0.0099792543021553301724 -0.095634604867594924515
-0.38873818437392632097 0.029668112679274747517
0.04330251293500834292 0.12550363266860045663
-0.29540794864494168692 -0.14874559553923744071
0.1118837610809701455 -0.20423159528037276855
-0.029127094063666220808 0.10450414727236581602
-0.23693399020787614395 0.17852934950298404715
0.081143272692079645991 -0.21090496507550368643
-0.068705618532189760561 0.061447881141506323355
0.10236184830728400907 -0.10337812811912881761
-0.021855314575755332984 0.18898839721632737509
0.30881592842789945541 0.12963490194851090553
0.021611501985833819067 0.070383986856740271554
0.36191937205079971474 -0.057117003891821886696
-0.032189809089800035247 -0.062064825627750487558
-0.43065838325541733189 0.23453966891859023836
-0.32166159463671706309 -0.025107045893700566386
0.1883190284632189071 -0.1768093437279469049
0.33672390232834448209 0.22908809318729730919
-0.45603299002213720792 0.082592088696623364164
-0.16673456229355682057 0.1173915385210467649
0.41063399451275522933 0.21294736315862949905
-0.12174600533074052267 -0.11028309759335483409
-0.36126684219319854519 0.21946211604044185695
0.26416178627982211946 -0.12353377200634972632
-0.22080544473843283226 -0.20695711801364352622
0.087035402246973092577 0.091355871202054961255
0.11971640869806168817 0.15849520987131587857
0.071121933116582630729 -0.067051360896927938993
-0.13380209808199117205 -0.0098580858137491018944
-0.10018681214661852297 -0.018600361438175588846
-0.11609092892225524041 -0.079432681935387258743
-0.21310273814567370909 0.20532402700460927747
-0.034291424086669401727 0.02454655221735803361
0.11772743594238614662 -0.098964810942611600164
-0.30992675023498378328 -0.15419895480636838792
0.45553046037950384317 -0.081412125277908711785
0.15969099436717587581 -0.072438171694714684201
-0.22144645202779272841 0.16594937963848974127
-0.35166368238524697842 0.055684147787876246694
0.058491549556916613839 -0.034308837075053007226
-0.37350739227997947767 0.23179560491396211663
0.076633482190309090698 -0.097304778300221675402
-0.27258042758175754505 0.064212297286867628388
-0.48331921403368749424 0.19705114692671493737
-0.20266185747769374648 0.060716894515365153751
0.41635993229764667323 0.19342861056778870577
0.043368704175992749128 0.13729254420867589848
-0.1666104781500833687 -0.078476417551159333152
-0.31603058673194889261 0.19328430209235439308
-0.20456167939681402235 -0.1707573273263715552
0.20290728156461235177 -0.16936583579248218334
0.44100631483575525316 -0.083106633024750048433
-0.32707525163912049004 -0.17082026412482853583
0.12416703183961906587 -0.023254094284946125182
0.013505401722200521819 0.2098780866737471329
-0.40529405500514698035 -0.071427151513854536535
-0.29081677535569527837 0.11771482551774017922
-0.22555231309971970899 0.06198879077285490008
-0.4948882524091329782 -0.16123055240707376279
0.44058288366797088154 0.093304346983531072368
-0.27429588574605379137 -0.092423070046771818586
0.4701731453170758801 -0.081805703820348296684
0.073307860347406286761 -0.12844440659968928142
0.089717922121891446885 0.00050612346886873586186
0.2300398561860657054 0.00067632315895982213477
-0.18167698334814708083 -0.0053002834100219393954
0.033900306911543366672 -0.031003833576057997917
0.18470324096968268601 -0.027625786812563470768
0.31591416076172884608 -0.030462388769513393943
0.03109034924844823744 -0.044397766963502907633
-0.30232172878137125727 -0.067106901275033326026
0.30270619820082933504 0.042220571004956124195
-0.25418015123210280226 0.17266833086299818167
0.34009878072037819097 -0.056429643882681429501
-0.31096394352322220822 -0.21598894038877697321
0.45457425183787236733 0.18606936485329791942
-0.11678602390348870321 -0.23317711700551072007
-0.40707570541732424063 -0.1860536087268947758
0.46071141436766166466 0.16382168988206385896
-0.068716400190585391616 -0.025457502533557354457
-0.13499554797542778761 -0.11258461448437656616
0.15878877948328801173 -0.023147723510262681323
0.066328524004894223731 0.035929953223732720435
0.46746953645556355017 -0.23043024060173702972
0.4815007905833177948 -0.19529300921954323433
-0.43838268765106447322 -0.20136446363530935422
0.097424925556405778115 0.054271275200448158837
-0.05805011052495102214 -0.041204125141345401828
-0.20940679050660676586 0.19005913813417066316
0.11334708460516476625 -0.016695788606723441921
-0.30105686493099864665 0.15262006475179884513
-0.22909568086824128041 0.14199365850889633656
0.042070877094320197065 0.15636430081953431315
0.091819592200398633675 -0.034036548429316207387
-0.40031592607326099698 0.17093301961177112536
0.48123876708159646354 -0.038113266735590622947
-0.40793297899854341626 -0.22241681169022697873
0.020081808024571969062 0.17776783982998808908
-0.49140564527807295558 -0.054005971126169775853
0.24851823271761924738 -0.19869087741431623595
0.12950738988323376444 -0.034565183965657282628
-0.13212793917233059404 -0.036043993232162306606
0.47467162976379234651 0.009791953024521873189
-0.4946757864610435429 -0.013407326722203991715
-0.25827227336163882665 0.23249224832733328405
0.49125199526849355758 -0.099857335249256565235
0.43846632838766386175 0.20222122740359857462
0.044488166876234656877 -0.12368142353279146239
-0.39077832608320373087 -0.080853933866279092957
0.42187614512307225478 0.18063003724364876112
-0.43598107785049594609 -0.12354538360718032852
-0.46384142161039021435 -0.14612215460067873307
-0.26811891943793292326 0.13483818604389224971
-0.3432600851705299716 -0.22306767171607980171
-0.31231449889251700069 0.15578281415077238625
-0.24378415297561881192 0.075973730048377291491
-0.25754585803216578643 0.09060806453798848914
0.0084057956781777125321 -0.076982463098708209248
-0.45019092475141958554 -0.18365888083417955534
-0.01100118663449316421 0.032176362207512465563
-0.36798685491647076251 -0.00021762408790045872377
-0.04113523888034581466 -0.17564627629074902604
0.15779190192518341429 0.058668390696846199617
-0.30655772361787919644 -0.19472274833452235532
0.48127962145599167965 -0.11154245076881279253
0.48685382773525998079 0.18491484373177477507
0.32490634934096340736 -0.0048154484113281546473
0.1729014091663370889 -0.067891068076321198221
0.017466637674261986657 0.027068548938088406869
0.21990681462911171318 0.014429261970802338341
-0.068243789070917493245 -0.073657419396913600962
0.2257067828363666373 -0.079587330796539415556
0.015630297650461675435 0.15351768633393059194
-0.38489910887060768685 -0.050957884537419402549
-0.26739423661876865479 0.1821334521415139962
-0.2818106949319625909 -0.12461732467682558323
0.1893344521464539465 -0.0051092203330683717485
-0.08088295494176919731 0.13238366263966516723
-0.3441313360437743829 0.17135738105916570317
-0.10899226816916961214 -0.13708546628604925677
0.26848476485831956895 -0.015445762821272256832
0.33196130818635610771 0.2170160407293437177
-0.26415078038371037072 -0.020859217063240290818
0.17325585121218969875 0.10671642222202569472
-0.29775453442117799652 -0.17141218242218581036
-0.48472533641768017487 -0.12521265675649162485
0.40073276108373118154 -0.10540813130384463214
0.18456637455871138798 -0.19166928434169142048
-0.24346433402277081748 0.16297734427634649745
0.011104846592631294547 -0.0005656269631575706891
0.128657658752716203 0.09182199875769898878
0.46497583547350640476 -0.0595750879366833061
0.23465251290992722444 -0.062362704042952667172
0.21969863012481788411 -0.15364413991892170164
0.49304386945214601079 0.17571214885633060221
-0.40272462054280272481 -0.17667813542769231216
-0.055480270636601693168 0.11504029810392370214
0.068052392147745860429 -0.0072104618387430971516
0.26918943719628113387 -0.040276018293092741285
-0.38390041263688245987 0.047578508491496598887
0.0019206063860692326219 -0.13027275316936878791
-0.18141274862114908917 0.020034934098770506433
-0.33302111991920935186 0.2367054316922853896
0.47986414993280174235 -0.01442231365918847201
0.42995152451159857065 -0.17860115869500017838
-0.13108465402681107603 -0.060137923993807095024
0.090759565479146098177 0.19062961538819256369
-0.45806005121052317808 -0.23219316153939723035
-0.33282201144665829462 0.18444605302217623177
-0.0049945317676952467531 -0.060877436495490079571
-0.26247593817554015772 0.06882795677085495889
-0.34645534767917435248 0.016548283129191040247
0.42871809185867781888 0.14586619647708981562
0.30372354465905454513 0.22303112134827421387
-0.40385929518045604603 0.067758763667313079426
-0.14609336648262194469 -0.043781114684755872979
0.32845104147557874219 0.20937541065360099068
0.35229825177008355919 0.14384140656915919698
-0.19313621985540838089 0.13866075587699566718
0.31218012370409159439 -0.061794994006834851052
-0.38071368048007842022 -0.12946080061248260717
-0.43887717275904708503 0.025325214934817381895
-0.29370915325476376623 -0.21506816691598537594
-0.27275902957463316056 0.10950414614779610534
0.37631768830447948071 0.22394646559225925286
-0.045685452260448990158 -0.080695943527741578749
-0.13721073844706516143 -0.074391614023232119357
0.15228915440376908363 -0.16180992367661692355
0.39370018521649113863 0.014569539058489892891
-0.23857818276489245468 -0.0033039031859602844589
-0.15775987651581108162 -0.13190709030948519209
-0.013098627497406568898 -0.11935640185909804356
-0.27276854308111203595 0.12292578030937896527
-0.22174176744191112509 0.0021844274594341362046
0.38072636261487718956 0.15175723352421349732
0.13688887950671282945 -0.019954586865820835018
-0.34277086460246075639 0.20473647758218518899
0.045002622125973196221 -0.15036171828650155002
0.32207591987369899034 -0.090499114838471034217
0.14444655222960406382 0.050196479749114952806
-0.096629726619290437495 -0.11802522719787335304
0.49628759302116448593 0.18473442715086035859
0.42000574810221863453 0.036146209780621073315
0.48974476299148894665 -0.22227524909542858977
0.33674526170079099874 0.1905645688439635832
0.058543066421520503773 0.083973976069984121451
-0.025317717738445405518 0.14316176975682448624
-0.39797556830188940413 -0.20479469944181047381
-0.33473606554254803358 -0.073397400461891401657
-0.27053097452981855753 0.16884807924140537994
0.45951115976538681185 0.23504434982304020507
-0.29340011464507576022 -0.008393916093614518445
-0.32422793954526185622 -0.093780619653339766795
-0.17702455975484110429 -0.089963480990395527925
-0.3391448116953351688 -0.034878074296509797847
0.34290093068983962254 0.047173228069823942843
0.22883511009558812899 0.039457551903876300625
-0.045917201564937684677 -0.054932574316264304315
-0.22855281282625236616 -0.091744586084696586048
-0.23604065350954450686 -0.20828161095916994383
0.036390861461036413949 0.10556309661736748562
-0.12071917820763078399 -0.065536564288564205794
-0.11598396153638750039 -0.20195973680161488639
0.02204155764551028393 0.043394588205909474798
-0.45200548322049122207 0.22210871009669766463
0.045454414912301087381 -0.076750305538529281502
-0.21820116982776777137 -0.045891060891286257484
0.22473412606889459076 0.025896027144455251862
0.4925487929360752859 -0.16416479511300541283
-0.11162601021918411304 0.12694533187977605215
-0.1590267147814980464 0.15836055415177069383
-0.37263681976222279291 -0.011635324192691524903
-0.085343076303423526241 -0.070033591236500228328
-0.22634108428792540368 -0.12810788626827046555
-0.43303733398964588952 -0.22273722976135462703
-0.34695915079043915252 -0.065053047060190660744
0.11440835584072077402 -0.0059310915654386762302
-0.37776576783824927785 -0.085190025129769419987
-0.40595620248554459275 0.045763764796716302485
-0.04570429392394306789 -0.088392155498264166069
-0.075414346710188706613 0.052282914957826033542
-0.29373775400265395019 -0.09047356892232873149
0.43800359838001806656 0.22843106162928517033
-0.43281704306338741883 -0.18521338554521107889
-0.059089103501462555967 0.081505185991108883292
0.21531070611946789839 -0.21160069452431082282
0.13463694591654321031 -0.0050808175545026179262
-0.34900267335606965924 -0.078028172740448528688
-0.38881424570303829702 -0.17586926598938207311
0.076026864531816173987 0.09869388677534726706
-0.10854285291820896242 -0.11083924398282776758
0.20631478358512039817 -0.15307347636259499568
-0.38190325202700819984 0.070482312260789478642
0.49239423260002435079 0.15624348116155512001
-0.10612556087069417721 0.082017201753750712534
0.25352415815403162025 0.053981851605512359837
-0.22817594140590266583 0.028887493305219918982
-0.082303356041830616485 0.10641449855165591165
0.39002041180702451406 0.20485066078916269738
-0.19994683197630869209 -0.0088372322323695354923
-0.42930430087058124577 0.06905382079639961479
-0.003761725566131564856 -0.2159576043916568433
-0.064104779440591133644 -0.11745570647772539397
-0.23054059577752777921 -0.012317722666981504448
-0.20276386646156124849 -0.20471084686578944201
-0.49230954732315579392 0.016533556933646303966
-0.096354143247269444239 -0.23246458634090350071
-0.48309303955448862355 0.22277002783417471088
-0.26713732235836373796 0.082437697627260816957
-0.46518098180589650958 -0.072761765216887319685
-0.054509499746622475103 0.18470177676815466294
0.14745998917265040751 0.0057072011667428299009
0.49580684844736505612 0.022499164423074900082
-0.23129563014243786911 0.16480077067598272733
-0.43520157925807506638 -0.00021791469587957817793
-0.2022528587588749982 0.21718729460299512901
-0.0041526439944947046018 0.13394475500456393124
0.37830631173670420386 -0.18163738802613096923
-0.45058143576620884874 0.19416646305991078214
0.023678374992637658131 -0.22508355410047323208
-0.13242068453256369831 0.0033992733352487839935
-0.0040803099664748201589 0.17435395753771854022
0.15844329911711493852 -0.17371527111971024615
0.22357187976039208377 0.081915368300021551562
-0.22320789729785223132 0.18856779118310396104
-0.14132430579797702896 -0.21163508028220537338
0.16229682843887471844 -0.12543644836667197651
0.49521893933797256349 0.21332646478392075506
-0.39962729256595663774 -0.19488795691849683522
-0.35519461995487922046 0.20629769408260686947
0.36904738478045462369 0.17310684294156913898
0.11479810202893876714 -0.16012831350200304459
0.3667296696730923955 -0.0058803856479919085209
-0.10580426798422411239 0.0050524413907773223567
-0.49320159454634932006 0.20937631938291717537
0.13241314878381760245 0.018195412659626142987
0.012073083152648138999 -0.23150450147130383072
-0.014575631286053757421 0.11046935131601028079
-0.066985116618327233962 -0.1823930012455617089
0.061257188524244006456 0.0056762565448607894825
0.25130457554251178776 -0.14015332524328283359
0.40936748230659425474 0.15559907588869931194
-0.39636349923460395539 -0.096062130080620519723
-0.22821951652551938916 0.23577120733742679137
-0.46493987140451842333 -0.1995935619097682634
0.30505539846130103054 -0.0041480626148561973096
0.10648167768861531435 -0.046365691162549356463
-0.36375632463887175305 0.23440250789458166869
0.099757895731824572372 -0.0081416361055457846241
-0.07705057815019662748 -0.10608559314820842356
-0.37128699035318807331 0.017243975201869755215
0.35182636837694902798 0.20196765687789922095
-0.012452962495551415587 0.095277859903350761717
0.32695518828358305363 -0.10435585012678751105
0.49044592396832303871 0.22203353256406549443
-0.36589574059687157703 -0.19820526869296536954
-0.36864602878591196111 -0.18411613517948541285
-0.4197202903228641202 -0.22072812168016245349
0.02702321488260365015 0.015122366316816413315
-0.15025809345310697784 -0.060361728668544480103
0.3421244678620060653 0.21981871759918580889
0.40353469276599085447 -0.060437161889027590789
0.2109391455916543312 0.00043089924032785169045
0.37762868354818773797 0.029517598953310988236
-0.19619536229725392795 -0.033698929811662892142
0.33526825188324943516 -0.19622273961749323035
0.34421516796127821225 0.1369418974214351159
0.45681142320767220699 0.077660141676125574173
-0.35636559523600991328 0.16212136887442638034
0.43094844823623063013 0.0036073643838927193193
0.026492335893993322615 0.061387959812417541849
-0.36219920553804629826 -0.081693046989763554167
-0.1240900579309607149 -0.13669875896293348649
0.38131571604470715364 -0.1533952981353705336
0.42546602253920340342 -0.081449283916753476009
-0.44673953223219020625 -0.15670638872377931627
0.32491986788065130298 0.2296459995280117905
-0.36574651152092924056 0.078803847973708110453
0.11323572969572051616 -0.077196790466812603704
-0.2421566495658595275 0.091024027853818897937
-0.063472210433252990169 -0.050828243646999289596
-0.029092729854717079563 0.20242103410375214545
0.13660606158509755459 0.0073559050929809495847
-0.063202543011612530299 0.10970065696246837639
0.25205993146436922459 -0.15550593160217807132
-0.2553703355921158602 0.13510213590961359098
-0.43735771841114218228 -0.042494050243216535678
-0.36490949461031829681 0.061139179308828527082
0.44888222459908688755 -0.060466604177312463508
-0.059027514770392329468 -0.13798052360396906302
0.0076891605577090287038 -0.11693503035581249982
-0.32831909210610515926 0.049099737283886925321
0.17968199518723701469 -0.096928529355256184963
0.39036872947894313279 -0.0015128879067430440163
0.11229040852151739305 0.018052639576520229658
0.0030505240973427889817 0.16181518080627274592
-0.31959775927428196729 -0.12281892529471089004
0.15499325027441204772 -0.21828688732720691323
0.064447925459766020051 0.11697795099682672948
0.34214977882021657685 0.063862102504293846716
0.33011455800975497699 0.014973383674241839275
0.46816990865296476132 -0.16827053177135803397
-0.28567227432627106953 0.16520417112116778102
0.12363593747396957323 -0.19155110101988406801
-0.11568409875325710856 -0.17926270535347541002
-0.4549980806510697251 0.13841326026173975117
-0.12271905250757281225 -0.15816893968843501184
-0.032431862228163535478 -0.23381309399083438638
-0.46191003434586536125 0.22823983839614869762
-0.14881089426820653943 -0.16034931783512451631
-0.21533586061534243372 0.017853973174018423348
-0.18097469848114636215 0.042067917223510491176
-0.077737217362511795704 0.075546344900593503935
0.196342247743851811 0.14474054448442214005
-0.45881384685803139334 -0.02298188950203185893
-0.07080540043566543873 0.12293344954841106675
0.44259336616923528052 -0.21386223072244414656
0.19747551272016766744 -0.01517009631637878872
-0.38369889095021669778 0.12921678490087015745
