-0.00318343 0.0092009
-0.00318343 0.0092009
-0.0340485 0.0140658
-0.0340485 0.0140658
0.00180366 0.00218779
0.00180366 0.00218779
0.0403485 0.0726246
0.0403485 0.0726246
0.0241817 0.039746
0.0241817 0.039746
0.0157333 -0.0305264
0.0157333 -0.0305264
0.0120678 -0.0219834
0.0120678 -0.0219834
-0.00465849 0.00845115
-0.00465849 0.00845115
-0.00217937 0.00871233
-0.00217937 0.00871233
0.0176031 0.0500258
0.0176031 0.0500258
-0.00312974 0.0630445
-0.00312974 0.0630445
-0.0379045 0.0191314
-0.0379045 0.0191314
0.000161973 0.00917782
0.000161973 0.00917782
-3.1185e-06 0.00189206
-3.1185e-06 0.00189206
0.000829063 0.00294662
0.000829063 0.00294662
0.0468404 0.0352538
0.0468404 0.0352538
0.0562826 0.0199671
0.0562826 0.0199671
0.0687735 0.0386635
0.0687735 0.0386635
0.059017 0.0317542
0.059017 0.0317542
0.0479755 0.064126
0.0479755 0.064126
0.0348239 0.0478105
0.0348239 0.0478105
0.0377078 0.0406342
0.0377078 0.0406342
0.0279423 0.0547784
0.0279423 0.0547784
0.0362175 0.0230852
0.0362175 0.0230852
0.038309 0.0773614
0.038309 0.0773614
0.0529371 0.0144266
0.0529371 0.0144266
0.00351482 0.0750455
0.00351482 0.0750455
0.0479393 -0.0224504
0.0479393 -0.0224504
-0.0363489 0.0176769
-0.0363489 0.0176769
-0.0483517 -0.0506362
-0.0483517 -0.0506362
-0.0252515 -0.000775641
-0.0252515 -0.000775641
-0.0292167 0.00635957
-0.0292167 0.00635957
0.0400261 0.00579644
0.0400261 0.00579644
0.0297171 0.043636
0.0297171 0.043636
0.0310149 0.0466989
0.0310149 0.0466989
0.0306216 0.0100343
0.0306216 0.0100343
0.00449256 0.00572856
0.00449256 0.00572856
-0.00338806 0.00969949
-0.00338806 0.00969949
-0.00339227 0.00968899
-0.00339227 0.00968899
-0.0348215 0.0358038
-0.0348215 0.0358038
-0.0141431 0.0228006
-0.0141431 0.0228006
-0.00443273 0.0109865
-0.00443273 0.0109865
-0.00180915 0.00909252
-0.00180915 0.00909252
0.00412711 0.00141615
0.00412711 0.00141615
-0.00472911 0.00263322
-0.00472911 0.00263322
0.0173033 0.0736202
0.0173033 0.0736202
-0.0152368 0.106337
-0.0152368 0.106337
0.027025 0.07176
0.027025 0.07176
0.0106299 -0.0367126
0.0106299 -0.0367126
0.0705296 0.0146964
0.0705296 0.0146964
0.0361488 0.0192767
0.0361488 0.0192767
0.043599 -0.0201773
0.043599 -0.0201773
0.0807005 -0.00255447
0.0807005 -0.00255447
0.0701606 0.0360699
0.0701606 0.0360699
-0.0186771 -0.00945384
-0.0186771 -0.00945384
0.031154 0.0372036
0.031154 0.0372036
0.00289797 0.0338296
0.00289797 0.0338296
0.0278882 -0.00836735
0.0278882 -0.00836735
-0.0148803 0.00542867
-0.0148803 0.00542867
-0.0500761 0.00248133
-0.0500761 0.00248133
0.0401422 0.0125895
0.0401422 0.0125895
0.00904935 0.016273
0.00904935 0.016273
-0.000209992 0.0347227
-0.000209992 0.0347227
0.0243541 0.0142659
0.0243541 0.0142659
-0.0136041 0.0325769
-0.0136041 0.0325769
0.0240187 0.0266882
0.0240187 0.0266882
0.00699061 0.0104972
0.00699061 0.0104972
0.0147433 0.0249565
0.0147433 0.0249565
-0.0025802 0.0480204
-0.0025802 0.0480204
-0.016465 -0.0137379
-0.016465 -0.0137379
-0.0122042 0.0120554
-0.0122042 0.0120554
-0.019617 0.0670929
-0.019617 0.0670929
0.0039748 0.0270903
0.0039748 0.0270903
-0.0142233 0.0772951
-0.0142233 0.0772951
0.0174507 0.065331
0.0174507 0.065331
0.0256767 -0.0172144
0.0256767 -0.0172144
0.0430698 0.0442263
0.0430698 0.0442263
0.0168037 0.032297
0.0168037 0.032297
0.0237957 0.0753388
0.0237957 0.0753388
0.0171185 0.0307836
0.0171185 0.0307836
0.0269338 -0.0486451
0.0269338 -0.0486451
-0.010064 0.0178079
-0.010064 0.0178079
-0.0120785 0.0407279
-0.0120785 0.0407279
-0.0106543 0.0139341
-0.0106543 0.0139341
-0.0146257 0.0414523
-0.0146257 0.0414523
-0.00412836 0.0603536
-0.00412836 0.0603536
-0.00558147 0.0776568
-0.00558147 0.0776568
-0.0546974 0.01262
-0.0546974 0.01262
-0.0364934 0.0194111
-0.0364934 0.0194111
0.0389201 -0.0200461
0.0389201 -0.0200461
-0.0129035 0.0315702
-0.0129035 0.0315702
-0.000674834 0.00240143
-0.000674834 0.00240143
-0.000674834 0.00240143
-0.000674834 0.00240143
0.000879515 0.00309998
0.000879515 0.00309998
0.00805918 0.00743165
0.00805918 0.00743165
0.00296677 0.00222315
0.00296677 0.00222315
-0.00394497 -0.0193412
-0.00394497 -0.0193412
0.00418161 -0.0318924
0.00418161 -0.0318924
0.000447971 -0.0144893
0.000447971 -0.0144893
-0.0145217 0.0726306
-0.0145217 0.0726306
0.0196986 0.044672
0.0196986 0.044672
0.00468028 0.0564358
0.00468028 0.0564358
0.0277032 0.0524972
0.0277032 0.0524972
0.0395143 0.0623996
0.0395143 0.0623996
0.0545409 0.0361399
0.0545409 0.0361399
0.0221048 0.0398324
0.0221048 0.0398324
-0.018279 0.0149629
-0.018279 0.0149629
0.04609 0.0025851
0.04609 0.0025851
0.04511 -0.000685158
0.04511 -0.000685158
0.0230819 -0.0546289
0.0230819 -0.0546289
-0.0244314 -0.0435386
-0.0244314 -0.0435386
0.00922536 0.0394871
0.00922536 0.0394871
0.00447859 0.0102906
0.00447859 0.0102906
-0.0463697 0.0505432
-0.0463697 0.0505432
0.0271893 0.00384926
0.0271893 0.00384926
0.0362325 0.023536
0.0362325 0.023536
0.0403256 0.0536043
0.0403256 0.0536043
-0.00652498 0.0982026
-0.00652498 0.0982026
0.0125204 0.0564364
0.0125204 0.0564364
0.0342241 -0.0302937
0.0342241 -0.0302937
0.017122 0.0207741
0.017122 0.0207741
-7.30938e-07 0.0654737
-7.30938e-07 0.0654737
0.0156231 0.0217749
0.0156231 0.0217749
0.0376271 0.0453081
0.0376271 0.0453081
-0.00136816 0.00224912
-0.00136816 0.00224912
-0.0142925 0.0152141
-0.0142925 0.0152141
0.0245805 -0.017548
0.0245805 -0.017548
0.046369 -0.0197231
0.046369 -0.0197231
0.0669521 -0.0615604
0.0669521 -0.0615604
0.00370851 -0.00165959
0.00370851 -0.00165959
0.00370854 -0.00165942
0.00370854 -0.00165942
0.00488943 0.000537016
0.00488943 0.000537016
0.010241 0.00692231
0.010241 0.00692231
0.0120113 -0.00646873
0.0120113 -0.00646873
0.0120562 0.00555921
0.0120562 0.00555921
0.00269157 0.00646105
0.00269157 0.00646105
-0.0109256 -0.0100004
-0.0109256 -0.0100004
0.0361637 -0.0189941
0.0361637 -0.0189941
0.00149136 0.0159805
0.00149136 0.0159805
0.012328 0.0322587
0.012328 0.0322587
-0.00413858 0.0827063
-0.00413858 0.0827063
0.048419 0.0361374
0.048419 0.0361374
0.0587858 0.03391
0.0587858 0.03391
0.0355764 0.018112
0.0355764 0.018112
0.0360446 0.0343421
0.0360446 0.0343421
0.00356438 0.0504146
0.00356438 0.0504146
0.00810828 0.0407007
0.00810828 0.0407007
0.05057 0.0374118
0.05057 0.0374118
-0.0159578 -0.00170314
-0.0159578 -0.00170314
-0.0327675 0.0596582
-0.0327675 0.0596582
0.0179347 0.00744758
0.0179347 0.00744758
0.0498443 0.00402916
0.0498443 0.00402916
0.0293502 0.00380581
0.0293502 0.00380581
0.0338113 -0.0132745
0.0338113 -0.0132745
0.0327712 0.0506454
0.0327712 0.0506454
0.000907042 0.031845
0.000907042 0.031845
-0.0291803 -0.00684327
-0.0291803 -0.00684327
-0.0419169 -0.00743809
-0.0419169 -0.00743809
-0.0790718 -0.0350398
-0.0790718 -0.0350398
0.00417452 0.0581476
0.00417452 0.0581476
0.0152625 0.0348314
0.0152625 0.0348314
0.0380768 0.0348759
0.0380768 0.0348759
0.0273386 0.0394246
0.0273386 0.0394246
0.0248439 0.0306221
0.0248439 0.0306221
0.019576 0.0436897
0.019576 0.0436897
0.00682817 0.00752019
0.00682817 0.00752019
0.00510402 0.00662625
0.00510402 0.00662625
0.00634635 0.00743559
0.00634635 0.00743559
0.00517308 0.00605792
0.00517308 0.00605792
-0.00318343 0.0092009
-0.00318343 0.0092009
-0.00318343 0.0092009
-0.00318343 0.0092009
-0.0017711 0.00862931
-0.0017711 0.00862931
-0.0017711 0.00862931
-0.0017711 0.00862931
-0.0017711 0.00862931
-0.0017711 0.00862931
-0.0017711 0.00862931
-0.0017711 0.00862931
-0.0161418 0.00644433
-0.0161418 0.00644433
-0.0314497 0.0167911
-0.0314497 0.0167911
0.00579289 0.0832586
0.00579289 0.0832586
-0.025545 0.0881405
-0.025545 0.0881405
-0.0374043 0.0526139
-0.0374043 0.0526139
-0.0383218 0.0585941
-0.0383218 0.0585941
0.0344741 0.013191
0.0344741 0.013191
0.0225161 0.00282528
0.0225161 0.00282528
0.0567631 0.028595
0.0567631 0.028595
-0.00694254 0.0141862
-0.00694254 0.0141862
-0.0153784 0.027364
-0.0153784 0.027364
0.0291784 0.017263
0.0291784 0.017263
-0.0108668 0.0470488
-0.0108668 0.0470488
0.0209712 0.0364824
0.0209712 0.0364824
-0.0230493 -0.0232252
-0.0230493 -0.0232252
0.02445 -0.0447951
0.02445 -0.0447951
0.0453204 0.0373032
0.0453204 0.0373032
0.00198975 0.00684882
0.00198975 0.00684882
0.0112977 -0.0154063
0.0112977 -0.0154063
0.00956141 -0.0208394
0.00956141 -0.0208394
0.0369869 0.0145562
0.0369869 0.0145562
0.0496343 -0.0295332
0.0496343 -0.0295332
0.029681 -0.0105428
0.029681 -0.0105428
0.0295079 -0.0247302
0.0295079 -0.0247302
-0.00738742 0.0382334
-0.00738742 0.0382334
-0.00594054 0.0184259
-0.00594054 0.0184259
-0.0107691 0.0774959
-0.0107691 0.0774959
-0.0112321 0.0107508
-0.0112321 0.0107508
-0.00885879 0.0273125
-0.00885879 0.0273125
-0.00316795 0.0149146
-0.00316795 0.0149146
0.00336041 0.0286915
0.00336041 0.0286915
-0.00112025 0.0122262
-0.00112025 0.0122262
0.0140752 0.0397782
0.0140752 0.0397782
-0.00814144 0.0408435
-0.00814144 0.0408435
0.0336088 0.00700803
0.0336088 0.00700803
0.00393008 -0.00468725
0.00393008 -0.00468725
0.0515422 -0.0187425
0.0515422 -0.0187425
-0.00624889 0.0478745
-0.00624889 0.0478745
0.0377983 -0.00457741
0.0377983 -0.00457741
0.028685 -0.0221592
0.028685 -0.0221592
0.0325448 0.0452168
0.0325448 0.0452168
0.00860276 0.0450742
0.00860276 0.0450742
0.00637543 0.0208429
0.00637543 0.0208429
0.00138238 0.0205589
0.00138238 0.0205589
0.0222765 0.024048
0.0222765 0.024048
-0.0140962 0.0403436
-0.0140962 0.0403436
0.00298324 0.0260293
0.00298324 0.0260293
-0.0128414 0.0228219
-0.0128414 0.0228219
-2.18596e-05 0.00185736
-2.18596e-05 0.00185736
-2.18596e-05 0.00185736
-2.18596e-05 0.00185736
0.00141645 0.000890321
0.00141645 0.000890321
-0.00169154 -0.00459507
-0.00169154 -0.00459507
-0.000578065 0.00162181
-0.000578065 0.00162181
-0.003401 -0.00577708
-0.003401 -0.00577708
0.0085241 0.0145914
0.0085241 0.0145914
0.00564185 0.0113991
0.00564185 0.0113991
0.0720395 -0.00309779
0.0720395 -0.00309779
0.0475131 0.0664545
0.0475131 0.0664545
0.0184788 0.0586047
0.0184788 0.0586047
0.0160816 0.0299231
0.0160816 0.0299231
0.0208167 0.023738
0.0208167 0.023738
0.0292271 0.0397453
0.0292271 0.0397453
0.0347367 0.0172427
0.0347367 0.0172427
0.0121542 0.0591828
0.0121542 0.0591828
0.0375904 0.0252214
0.0375904 0.0252214
-0.00478197 0.0629367
-0.00478197 0.0629367
0.0397998 -0.000327584
0.0397998 -0.000327584
0.0293669 0.0531413
0.0293669 0.0531413
0.00140907 0.0171557
0.00140907 0.0171557
0.0120164 -0.0339907
0.0120164 -0.0339907
0.00676308 -0.020513
0.00676308 -0.020513
0.0259811 -0.00552131
0.0259811 -0.00552131
0.024806 -0.00410923
0.024806 -0.00410923
-0.0024072 0.0640696
-0.0024072 0.0640696
0.0111298 0.0588202
0.0111298 0.0588202
0.0237781 0.0296399
0.0237781 0.0296399
0.0473413 -0.00743075
0.0473413 -0.00743075
-0.0525454 0.0363598
-0.0525454 0.0363598
0.0125185 -0.0111406
0.0125185 -0.0111406
-0.0384085 0.0936059
-0.0384085 0.0936059
0.0289755 0.00505915
0.0289755 0.00505915
-0.0184467 0.0343837
-0.0184467 0.0343837
0.0269943 -0.0378782
0.0269943 -0.0378782
0.0608316 0.0165425
0.0608316 0.0165425
0.0503651 0.0619547
0.0503651 0.0619547
0.0455027 0.085035
0.0455027 0.085035
0.0178352 0.0237731
0.0178352 0.0237731
0.0221536 0.0702621
0.0221536 0.0702621
0.0386389 0.0715992
0.0386389 0.0715992
-0.000439504 0.0750556
-0.000439504 0.0750556
-0.0159239 0.0191176
-0.0159239 0.0191176
-0.0141173 0.00423558
-0.0141173 0.00423558
0.0378021 0.0164153
0.0378021 0.0164153
0.0557763 0.0157058
0.0557763 0.0157058
0.0347636 0.0275755
0.0347636 0.0275755
0.0874215 0.00870883
0.0874215 0.00870883
0.0441079 0.0425599
0.0441079 0.0425599
0.0147247 0.0525563
0.0147247 0.0525563
0.00250612 0.0370904
0.00250612 0.0370904
0.0143577 -0.00179919
0.0143577 -0.00179919
-0.0264288 0.0725841
-0.0264288 0.0725841
0.0317828 -0.00797708
0.0317828 -0.00797708
0.0231658 0.00979655
0.0231658 0.00979655
-0.0153336 0.00494159
-0.0153336 0.00494159
-0.00941031 0.0569791
-0.00941031 0.0569791
0.0422526 0.0214226
0.0422526 0.0214226
0.0501686 0.0325645
0.0501686 0.0325645
0.0322817 0.0182051
0.0322817 0.0182051
0.010904 0.0416302
0.010904 0.0416302
-0.0151622 0.0639397
-0.0151622 0.0639397
0.0265333 0.0474968
0.0265333 0.0474968
0.033208 0.0740315
0.033208 0.0740315
0.00666234 0.0493174
0.00666234 0.0493174
0.0294474 -0.0757346
0.0294474 -0.0757346
0.0510328 -0.0454606
0.0510328 -0.0454606
0.0658942 0.00860944
0.0658942 0.00860944
0.0625811 -0.00215096
0.0625811 -0.00215096
0.0649173 0.0233914
0.0649173 0.0233914
0.0525501 0.0466945
0.0525501 0.0466945
0.0138239 0.0189261
0.0138239 0.0189261
0.0064066 0.00924132
0.0064066 0.00924132
0.00750456 0.0134761
0.00750456 0.0134761
0.00486523 0.00658842
0.00486523 0.00658842
0.00445561 0.0056496
0.00445561 0.0056496
0.00522319 0.00657095
0.00522319 0.00657095
0.00445445 0.00564845
0.00445445 0.00564845
-0.00203198 0.00843771
-0.00203198 0.00843771
-0.00338806 0.00969949
-0.00338806 0.00969949
0.00236246 0.029307
0.00236246 0.029307
-0.00340062 0.0172021
-0.00340062 0.0172021
-0.00189718 0.0100193
-0.00189718 0.0100193
-0.00356607 0.0111354
-0.00356607 0.0111354
-0.00197573 0.0091279
-0.00197573 0.0091279
-0.00197573 0.0091279
-0.00197573 0.0091279
-0.0445174 0.079437
-0.0445174 0.079437
-0.0575635 0.0568045
-0.0575635 0.0568045
-0.0192757 0.0343356
-0.0192757 0.0343356
-0.0158119 0.00665573
-0.0158119 0.00665573
0.00783026 -0.0165984
0.00783026 -0.0165984
-0.0606043 0.0436613
-0.0606043 0.0436613
-0.0148404 0.0474931
-0.0148404 0.0474931
-0.0128662 0.058919
-0.0128662 0.058919
-0.0197291 0.041133
-0.0197291 0.041133
-0.0040955 0.0129415
-0.0040955 0.0129415
-0.00181542 0.0091105
-0.00181542 0.0091105
-0.0017711 0.00862931
-0.0017711 0.00862931
-0.003289 0.0335063
-0.003289 0.0335063
-0.00156829 0.0161474
-0.00156829 0.0161474
-0.0019071 0.0102613
-0.0019071 0.0102613
-0.0017259 0.00971026
-0.0017259 0.00971026
0.00334085 0.00395909
0.00334085 0.00395909
0.00614068 0.00245139
0.00614068 0.00245139
0.0291421 0.0474641
0.0291421 0.0474641
0.0263313 0.035559
0.0263313 0.035559
0.0180436 0.0104728
0.0180436 0.0104728
0.0298627 0.0268877
0.0298627 0.0268877
0.0250395 0.0541131
0.0250395 0.0541131
0.00030398 0.014365
0.00030398 0.014365
0.0492556 -0.0445001
0.0492556 -0.0445001
0.0381458 0.0216749
0.0381458 0.0216749
0.00816965 0.0495167
0.00816965 0.0495167
0.0480926 0.0613449
0.0480926 0.0613449
0.0495441 0.0160377
0.0495441 0.0160377
0.0543363 0.052669
0.0543363 0.052669
0.0130353 0.0116513
0.0130353 0.0116513
-0.0201206 0.031599
-0.0201206 0.031599
-0.00527571 0.0915761
-0.00527571 0.0915761
-0.0272434 0.0638791
-0.0272434 0.0638791
-0.0359921 0.013071
-0.0359921 0.013071
-0.0262612 0.00101901
-0.0262612 0.00101901
0.0337579 0.00830234
0.0337579 0.00830234
0.0592977 0.0285023
0.0592977 0.0285023
0.0150471 0.0601746
0.0150471 0.0601746
0.0123321 0.00107367
0.0123321 0.00107367
0.0455338 0.00369361
0.0455338 0.00369361
0.0672766 0.00642951
0.0672766 0.00642951
0.000873148 -0.0335731
0.000873148 -0.0335731
-0.0033914 -0.0459113
-0.0033914 -0.0459113
0.0308161 0.0481905
0.0308161 0.0481905
0.0418993 0.0644786
0.0418993 0.0644786
0.00388225 0.0734002
0.00388225 0.0734002
0.018662 0.0330153
0.018662 0.0330153
-0.0237082 0.0345306
-0.0237082 0.0345306
0.040344 0.0138047
0.040344 0.0138047
0.050166 -0.00568827
0.050166 -0.00568827
0.00358589 0.0365547
0.00358589 0.0365547
0.00214611 0.0501501
0.00214611 0.0501501
0.0473489 0.0308148
0.0473489 0.0308148
0.025868 0.0545809
0.025868 0.0545809
0.0175362 0.0248845
0.0175362 0.0248845
0.00451685 0.0279102
0.00451685 0.0279102
0.022637 -0.0161966
0.022637 -0.0161966
0.0449113 -0.0402193
0.0449113 -0.0402193
-0.0261019 0.00506219
-0.0261019 0.00506219
-0.0420538 0.0416345
-0.0420538 0.0416345
0.00858322 0.0117738
0.00858322 0.0117738
0.0115466 0.0491917
0.0115466 0.0491917
0.0329869 0.0266666
0.0329869 0.0266666
0.00821839 0.0249362
0.00821839 0.0249362
-0.0186181 0.0348905
-0.0186181 0.0348905
-0.0351965 0.0165587
-0.0351965 0.0165587
-0.0237619 -0.0465427
-0.0237619 -0.0465427
-0.0312562 -0.0421101
-0.0312562 -0.0421101
0.0647652 -0.0211067
0.0647652 -0.0211067
0.0431707 0.0126145
0.0431707 0.0126145
0.0061093 0.0467642
0.0061093 0.0467642
0.0464349 0.0246974
0.0464349 0.0246974
0.0478281 -0.032138
0.0478281 -0.032138
0.0319781 -0.0304376
0.0319781 -0.0304376
0.0377102 -0.0292254
0.0377102 -0.0292254
0.0352411 -0.0110337
0.0352411 -0.0110337
0.0288739 -0.0274304
0.0288739 -0.0274304
0.0327382 -0.0127692
0.0327382 -0.0127692
0.0235708 -0.0199371
0.0235708 -0.0199371
0.0684231 -0.00146134
0.0684231 -0.00146134
-0.058875 -0.00695303
-0.058875 -0.00695303
-0.0399375 0.0145054
-0.0399375 0.0145054
-0.0160638 -0.00748464
-0.0160638 -0.00748464
0.00143527 0.0384356
0.00143527 0.0384356
0.0122639 0.0481612
0.0122639 0.0481612
-0.0117598 0.041182
-0.0117598 0.041182
-0.00190029 0.0542321
-0.00190029 0.0542321
0.00627808 0.0363291
0.00627808 0.0363291
0.0324799 0.00287263
0.0324799 0.00287263
0.00769685 0.0446629
0.00769685 0.0446629
0.00245581 0.0236059
0.00245581 0.0236059
-0.00374121 0.0386067
-0.00374121 0.0386067
0.00386291 0.00906797
0.00386291 0.00906797
0.0306307 -0.012262
0.0306307 -0.012262
0.0338443 -0.0117693
0.0338443 -0.0117693
0.0570296 -0.0338372
0.0570296 -0.0338372
0.0270161 -0.0119283
0.0270161 -0.0119283
0.0453812 -0.00840529
0.0453812 -0.00840529
-0.0113927 0.0446394
-0.0113927 0.0446394
-0.00636812 0.0989165
-0.00636812 0.0989165
-0.00790202 0.10238
-0.00790202 0.10238
0.0565317 -0.00883187
0.0565317 -0.00883187
0.0149826 -0.0224472
0.0149826 -0.0224472
0.000191251 -0.0490663
0.000191251 -0.0490663
0.0370511 0.0173984
0.0370511 0.0173984
0.0327485 -0.0112451
0.0327485 -0.0112451
0.0208806 0.0439606
0.0208806 0.0439606
0.0277623 0.0282223
0.0277623 0.0282223
0.0259608 0.0125551
0.0259608 0.0125551
0.0140484 0.0153262
0.0140484 0.0153262
-0.0355614 -0.0212317
-0.0355614 -0.0212317
-0.0147453 -0.00856353
-0.0147453 -0.00856353
-0.0180792 -0.00982415
-0.0180792 -0.00982415
0.00743812 -0.035196
0.00743812 -0.035196
0.0286761 0.0116554
0.0286761 0.0116554
0.00634786 0.018722
0.00634786 0.018722
0.0105855 0.0291035
0.0105855 0.0291035
-0.0290353 0.0418031
-0.0290353 0.0418031
-0.0378205 0.0814622
-0.0378205 0.0814622
0.0170182 0.0808825
0.0170182 0.0808825
-0.027381 0.0155023
-0.027381 0.0155023
-0.0339079 0.0336102
-0.0339079 0.0336102
-0.025676 0.0127317
-0.025676 0.0127317
-7.05029e-05 0.0486743
-7.05029e-05 0.0486743
0.0255406 -0.0146032
0.0255406 -0.0146032
-0.0144976 0.0665322
-0.0144976 0.0665322
0.0146742 -0.0152104
0.0146742 -0.0152104
0.0159023 0.0413321
0.0159023 0.0413321
-0.00886119 0.0209593
-0.00886119 0.0209593
-0.0163119 0.0178522
-0.0163119 0.0178522
0.0348065 0.0345701
0.0348065 0.0345701
0.0199642 0.0276363
0.0199642 0.0276363
0.0268162 0.0186986
0.0268162 0.0186986
0.0257379 -0.00893641
0.0257379 -0.00893641
-0.0210677 0.0752153
-0.0210677 0.0752153
-0.0386536 0.0289938
-0.0386536 0.0289938
0.00480471 0.0385927
0.00480471 0.0385927
-0.0346292 0.00530721
-0.0346292 0.00530721
-0.00379001 -0.00507144
-0.00379001 -0.00507144
0.0483113 -0.0373383
0.0483113 -0.0373383
0.0315471 0.0517767
0.0315471 0.0517767
0.0277505 0.0316215
0.0277505 0.0316215
0.0255708 0.00988407
0.0255708 0.00988407
-0.00551441 -0.00457775
-0.00551441 -0.00457775
0.0164716 -0.0804402
0.0164716 -0.0804402
0.00860674 0.0113911
0.00860674 0.0113911
-0.0169054 0.0424358
-0.0169054 0.0424358
-0.00819873 0.00415708
-0.00819873 0.00415708
0.00965327 -0.0160675
0.00965327 -0.0160675
-0.0104452 0.015545
-0.0104452 0.015545
-0.0309935 0.0341127
-0.0309935 0.0341127
-0.0282264 0.0514476
-0.0282264 0.0514476
-0.00358949 -0.00609278
-0.00358949 -0.00609278
0.0389041 -0.00560468
0.0389041 -0.00560468
0.00586183 0.0338111
0.00586183 0.0338111
-0.0209239 0.0400073
-0.0209239 0.0400073
-0.0376284 0.0109144
-0.0376284 0.0109144
-0.0456939 0.0111224
-0.0456939 0.0111224
-0.0203781 0.040135
-0.0203781 0.040135
-0.0504373 0.0282153
-0.0504373 0.0282153
0.0189859 -0.00243789
0.0189859 -0.00243789
-0.047792 0.0463991
-0.047792 0.0463991
0.0124911 0.0550816
0.0124911 0.0550816
-0.0285658 0.0481077
-0.0285658 0.0481077
-0.0470217 0.0407976
-0.0470217 0.0407976
-0.0375608 0.0536795
-0.0375608 0.0536795
-0.0466488 0.0574787
-0.0466488 0.0574787
0.0275147 0.0268915
0.0275147 0.0268915
0.0171546 0.0182071
0.0171546 0.0182071
-0.00431815 0.0435993
-0.00431815 0.0435993
0.00970235 0.0109694
0.00970235 0.0109694
0.000127407 0.00513057
0.000127407 0.00513057
0.000127407 0.00513057
0.000127407 0.00513057
-0.000179097 0.00529728
-0.000179097 0.00529728
-0.000179097 0.00529728
-0.000179097 0.00529728
-0.000179097 0.00529728
-0.000179097 0.00529728
-0.000981338 0.00256814
-0.000981338 0.00256814
-0.000328314 0.00202408
-0.000328314 0.00202408
-0.000981338 0.00256814
-0.000981338 0.00256814
0.00123323 0.00472568
0.00123323 0.00472568
0.00123323 0.00472568
0.00123323 0.00472568
0.00123323 0.00472568
0.00123323 0.00472568
0.000354035 0.00476325
0.000354035 0.00476325
-0.000452495 0.0107657
-0.000452495 0.0107657
0.00114731 0.00531869
0.00114731 0.00531869
-0.00325084 0.0232737
-0.00325084 0.0232737
-0.00492363 0.0400124
-0.00492363 0.0400124
0.00609054 0.0193355
0.00609054 0.0193355
0.0272507 0.0125196
0.0272507 0.0125196
0.0319631 0.00296702
0.0319631 0.00296702
0.00367002 -0.00839705
0.00367002 -0.00839705
0.00157252 0.0561707
0.00157252 0.0561707
0.000504159 0.0622579
0.000504159 0.0622579
0.0566372 0.0393418
0.0566372 0.0393418
0.0117075 0.0709705
0.0117075 0.0709705
0.0542197 0.0724727
0.0542197 0.0724727
0.0146019 0.057609
0.0146019 0.057609
-0.00506147 0.0125711
-0.00506147 0.0125711
-0.010314 0.0339455
-0.010314 0.0339455
-0.00243009 0.0227524
-0.00243009 0.0227524
-0.0247033 0.0252084
-0.0247033 0.0252084
-0.0441215 0.0379169
-0.0441215 0.0379169
-0.0279712 0.0391012
-0.0279712 0.0391012
-0.00474491 0.0106773
-0.00474491 0.0106773
0.0321617 -0.00992777
0.0321617 -0.00992777
0.0152478 -0.00774163
0.0152478 -0.00774163
-0.036712 0.0361222
-0.036712 0.0361222
-0.0389776 0.0470901
-0.0389776 0.0470901
-0.0227637 0.0296618
-0.0227637 0.0296618
-0.00229431 0.0620998
-0.00229431 0.0620998
-0.00634456 0.0947314
-0.00634456 0.0947314
-0.0434269 0.0777546
-0.0434269 0.0777546
-0.0170133 0.0963761
-0.0170133 0.0963761
0.0164416 0.00999529
0.0164416 0.00999529
0.0278891 0.0613436
0.0278891 0.0613436
-0.00350053 0.0246205
-0.00350053 0.0246205
-0.0180075 0.0230558
-0.0180075 0.0230558
-0.00535046 0.0463738
-0.00535046 0.0463738
0.031938 -0.0295415
0.031938 -0.0295415
0.0425419 0.0334075
0.0425419 0.0334075
0.0137027 -0.0119053
0.0137027 -0.0119053
0.0263443 0.0682899
0.0263443 0.0682899
-0.0178241 0.0667182
-0.0178241 0.0667182
-0.044962 -0.000552819
-0.044962 -0.000552819
0.0254584 0.030081
0.0254584 0.030081
0.0261044 0.0183711
0.0261044 0.0183711
-0.0131022 -0.0415277
-0.0131022 -0.0415277
0.0127234 0.0821546
0.0127234 0.0821546
0.0170206 -0.00278977
0.0170206 -0.00278977
-0.021752 0.0371558
-0.021752 0.0371558
0.0528474 -0.025375
0.0528474 -0.025375
-0.0134033 0.0419106
-0.0134033 0.0419106
0.0381715 -0.00503445
0.0381715 -0.00503445
-0.0174612 -0.000237185
-0.0174612 -0.000237185
0.026961 0.0332505
0.026961 0.0332505
-0.0291897 -0.0394244
-0.0291897 -0.0394244
-0.0375241 0.0365865
-0.0375241 0.0365865
-0.0244862 0.084256
-0.0244862 0.084256
0.00359183 0.0930375
0.00359183 0.0930375
-0.0254062 0.0599964
-0.0254062 0.0599964
0.0367196 0.0064938
0.0367196 0.0064938
-0.00540242 0.022012
-0.00540242 0.022012
0.0062808 0.0583424
0.0062808 0.0583424
-0.0206682 -0.0137635
-0.0206682 -0.0137635
0.0265704 0.0121151
0.0265704 0.0121151
0.036142 0.00553267
0.036142 0.00553267
-0.0116915 0.014446
-0.0116915 0.014446
0.0193962 0.0590258
0.0193962 0.0590258
0.0200707 -0.0650897
0.0200707 -0.0650897
-0.00948895 0.0737689
-0.00948895 0.0737689
0.0432018 -0.000511572
0.0432018 -0.000511572
-0.0104636 0.0643273
-0.0104636 0.0643273
-0.0159952 0.0961417
-0.0159952 0.0961417
0.0110615 0.104322
0.0110615 0.104322
-0.00968056 0.021724
-0.00968056 0.021724
0.000594428 0.0153001
0.000594428 0.0153001
-0.0375317 0.075179
-0.0375317 0.075179
0.0317455 -0.0113941
0.0317455 -0.0113941
0.0119771 0.00225489
0.0119771 0.00225489
0.0177279 0.0201287
0.0177279 0.0201287
0.0127623 -0.00473195
0.0127623 -0.00473195
0.0181141 -0.00392614
0.0181141 -0.00392614
0.0293864 -0.0271089
0.0293864 -0.0271089
0.0034831 0.00525392
0.0034831 0.00525392
0.0047533 0.0132012
0.0047533 0.0132012
0.00559954 0.0140566
0.00559954 0.0140566
0.0187552 0.00737527
0.0187552 0.00737527
0.0477266 -0.0286677
0.0477266 -0.0286677
0.0125649 0.0314758
0.0125649 0.0314758
-0.0270506 0.0654822
-0.0270506 0.0654822
0.0355735 0.0697854
0.0355735 0.0697854
0.0117978 0.0215714
0.0117978 0.0215714
0.0536475 -0.0128529
0.0536475 -0.0128529
0.0323103 0.0294739
0.0323103 0.0294739
0.0344611 0.00226802
0.0344611 0.00226802
0.023166 0.0419367
0.023166 0.0419367
0.0369753 0.0613168
0.0369753 0.0613168
0.0458183 0.0160901
0.0458183 0.0160901
0.00416674 0.00153729
0.00416674 0.00153729
0.0097393 -0.00355387
0.0097393 -0.00355387
0.0101811 -0.00098315
0.0101811 -0.00098315
0.00451075 0.00106955
0.00451075 0.00106955
0.00451998 0.00107025
0.00451998 0.00107025
0.00546515 0.0006405
0.00546515 0.0006405
0.00545464 -0.00119514
0.00545464 -0.00119514
0.0117102 0.00497773
0.0117102 0.00497773
0.0262227 0.000912545
0.0262227 0.000912545
0.00451075 0.00106955
0.00451075 0.00106955
0.00451075 0.00106955
0.00451075 0.00106955
0.00451075 0.00106955
0.00451075 0.00106955
0.00650034 0.00169773
0.00650034 0.00169773
0.00650034 0.00169773
0.00650034 0.00169773
0.00522938 0.00147901
0.00522938 0.00147901
0.0056981 -0.00103142
0.0056981 -0.00103142
0.0056981 -0.00103142
0.0056981 -0.00103142
0.00442714 -0.00125013
0.00442714 -0.00125013
0.00442081 -0.00139527
0.00442081 -0.00139527
0.00652675 0.0070657
0.00652675 0.0070657
0.010894 0.0358823
0.010894 0.0358823
0.0056981 -0.00103142
0.0056981 -0.00103142
0.00618281 -0.00223789
0.00618281 -0.00223789
0.00525039 -0.00165129
0.00525039 -0.00165129
0.00621448 -0.00227145
0.00621448 -0.00227145
0.00438095 -0.000214459
0.00438095 -0.000214459
0.00596486 -0.00311016
0.00596486 -0.00311016
0.0797512 -0.0346225
0.0797512 -0.0346225
0.0417702 -0.0135239
0.0417702 -0.0135239
0.0279801 -0.0116276
0.0279801 -0.0116276
0.0238786 0.0359092
0.0238786 0.0359092
0.0351959 -0.00148411
0.0351959 -0.00148411
0.0309726 0.0439887
0.0309726 0.0439887
0.028135 -0.00278909
0.028135 -0.00278909
0.0528563 0.0124116
0.0528563 0.0124116
0.0217652 -0.00430346
0.0217652 -0.00430346
0.0118365 -0.0136768
0.0118365 -0.0136768
0.00915162 -0.012447
0.00915162 -0.012447
0.0362063 -0.0652331
0.0362063 -0.0652331
0.00425435 0.000317575
0.00425435 0.000317575
0.00349496 -0.000744103
0.00349496 -0.000744103
0.001115 0.00125925
0.001115 0.00125925
0.00904701 -0.0074543
0.00904701 -0.0074543
0.0183003 -0.0189924
0.0183003 -0.0189924
0.0316595 -0.0297269
0.0316595 -0.0297269
0.0617184 0.0291184
0.0617184 0.0291184
0.0754439 0.0353415
0.0754439 0.0353415
0.0596638 0.0333336
0.0596638 0.0333336
0.0327311 -0.0214727
0.0327311 -0.0214727
0.0444728 -0.00642011
0.0444728 -0.00642011
0.0781961 0.00522895
0.0781961 0.00522895
0.0464875 0.00689606
0.0464875 0.00689606
0.0413266 0.0117993
0.0413266 0.0117993
0.0653973 0.0228015
0.0653973 0.0228015
0.0100743 0.0471795
0.0100743 0.0471795
0.0360008 0.0239136
0.0360008 0.0239136
0.0397097 -0.0138876
0.0397097 -0.0138876
0.0437055 0.0327035
0.0437055 0.0327035
-0.00141741 0.0694626
-0.00141741 0.0694626
-0.00111739 0.0766544
-0.00111739 0.0766544
-0.0400161 0.0197609
-0.0400161 0.0197609
-0.0589078 0.00948809
-0.0589078 0.00948809
0.0280692 0.0566261
0.0280692 0.0566261
0.0376399 0.0354742
0.0376399 0.0354742
-0.00292913 -0.0468131
-0.00292913 -0.0468131
0.0527919 0.016297
0.0527919 0.016297
0.0294357 -0.000109221
0.0294357 -0.000109221
0.0686173 -0.00256675
0.0686173 -0.00256675
0.0380227 0.00348793
0.0380227 0.00348793
0.0568704 0.0290265
0.0568704 0.0290265
-0.0205204 0.0728425
-0.0205204 0.0728425
0.00215372 0.00508268
0.00215372 0.00508268
-0.0116565 -0.0252994
-0.0116565 -0.0252994
0.0270794 -0.00246062
0.0270794 -0.00246062
-0.0108633 0.056835
-0.0108633 0.056835
-0.0313558 0.0434407
-0.0313558 0.0434407
0.00423947 -0.0203664
0.00423947 -0.0203664
0.0100883 0.0131771
0.0100883 0.0131771
0.0300214 -0.0457505
0.0300214 -0.0457505
0.0224104 -0.0355868
0.0224104 -0.0355868
0.0437413 0.0152756
0.0437413 0.0152756
0.0063685 0.0151451
0.0063685 0.0151451
0.0258281 -0.0303896
0.0258281 -0.0303896
0.0078554 -0.0278389
0.0078554 -0.0278389
0.0274831 -0.0313937
0.0274831 -0.0313937
-0.016278 -0.00458653
-0.016278 -0.00458653
0.0416145 -0.0225847
0.0416145 -0.0225847
-0.0372164 -0.00268027
-0.0372164 -0.00268027
-0.000155216 -0.0722493
-0.000155216 -0.0722493
0.0403746 -0.0308758
0.0403746 -0.0308758
0.0373895 0.018907
0.0373895 0.018907
-0.0077819 -0.00937982
-0.0077819 -0.00937982
-0.0281367 0.00101984
-0.0281367 0.00101984
0.0270168 0.0117882
0.0270168 0.0117882
0.0217956 0.0151027
0.0217956 0.0151027
0.0198733 0.0116454
0.0198733 0.0116454
0.0199363 0.0158901
0.0199363 0.0158901
0.0145087 0.0135637
0.0145087 0.0135637
0.0167065 0.0225326
0.0167065 0.0225326
-0.0356599 0.0178208
-0.0356599 0.0178208
-0.0167779 0.0588693
-0.0167779 0.0588693
0.00911049 0.00455737
0.00911049 0.00455737
0.0109504 0.0163622
0.0109504 0.0163622
0.00714892 0.0170153
0.00714892 0.0170153
0.00133886 0.0394011
0.00133886 0.0394011
0.00527437 0.0121845
0.00527437 0.0121845
0.00403817 0.00810613
0.00403817 0.00810613
0.00546374 0.0186177
0.00546374 0.0186177
0.0356261 0.06829
0.0356261 0.06829
0.0227313 0.0550819
0.0227313 0.0550819
-0.0182845 0.0472421
-0.0182845 0.0472421
0.0576229 0.0413064
0.0576229 0.0413064
0.0389793 0.0322252
0.0389793 0.0322252
0.049758 0.0524502
0.049758 0.0524502
0.0251388 0.0218307
0.0251388 0.0218307
0.0106773 0.0104028
0.0106773 0.0104028
0.0183566 0.0169857
0.0183566 0.0169857
0.0142124 0.0173845
0.0142124 0.0173845
0.00984908 0.010193
0.00984908 0.010193
0.0240021 0.0183869
0.0240021 0.0183869
0.00474779 0.00715775
0.00474779 0.00715775
0.00463251 0.00667967
0.00463251 0.00667967
0.00480422 0.0077494
0.00480422 0.0077494
0.00545142 0.00596662
0.00545142 0.00596662
0.00545142 0.00596662
0.00545142 0.00596662
0.00496425 0.006546
0.00496425 0.006546
0.00496425 0.006546
0.00496425 0.006546
0.00517308 0.00605792
0.00517308 0.00605792
0.00445445 0.00564845
0.00445445 0.00564845
0.00517308 0.00605792
0.00517308 0.00605792
0.00517308 0.00605792
0.00517308 0.00605792
0.00517308 0.00605792
0.00517308 0.00605792
0.00517308 0.00605792
0.00517308 0.00605792
-0.0017711 0.00862931
-0.0017711 0.00862931
-0.0420447 0.0369302
-0.0420447 0.0369302
0.017339 -0.0189374
0.017339 -0.0189374
0.0184864 0.0350344
0.0184864 0.0350344
0.00992002 -0.0102655
0.00992002 -0.0102655
0.0236281 -0.0236318
0.0236281 -0.0236318
-0.00454795 0.00819224
-0.00454795 0.00819224
0.0342985 0.0228476
0.0342985 0.0228476
0.0279754 0.0125909
0.0279754 0.0125909
-0.000793676 0.00946907
-0.000793676 0.00946907
-0.00281146 0.0142638
-0.00281146 0.0142638
6.94813e-05 0.00261562
6.94813e-05 0.00261562
0.033135 0.0320286
0.033135 0.0320286
0.0469267 0.00405304
0.0469267 0.00405304
0.00345239 -0.00113453
0.00345239 -0.00113453
0.0301802 0.0398027
0.0301802 0.0398027
0.0607686 0.0178343
0.0607686 0.0178343
0.0118389 0.0580409
0.0118389 0.0580409
0.0273253 0.0823468
0.0273253 0.0823468
0.00315165 0.0624515
0.00315165 0.0624515
0.000127257 -0.0526405
0.000127257 -0.0526405
-0.0108589 0.0577622
-0.0108589 0.0577622
-0.0183687 0.0281336
-0.0183687 0.0281336
0.0168838 -0.00883387
0.0168838 -0.00883387
0.0349919 -0.0180031
0.0349919 -0.0180031
0.057035 0.0200424
0.057035 0.0200424
0.00432559 0.00725408
0.00432559 0.00725408
0.00445445 0.00564845
0.00445445 0.00564845
-0.00197787 0.00913848
-0.00197787 0.00913848
-0.0133527 0.0185988
-0.0133527 0.0185988
-0.0407609 0.0505202
-0.0407609 0.0505202
-0.0017711 0.00862931
-0.0017711 0.00862931
-0.00180915 0.00909252
-0.00180915 0.00909252
0.0186524 0.0030844
0.0186524 0.0030844
0.00867286 0.0677329
0.00867286 0.0677329
0.0355457 0.0581452
0.0355457 0.0581452
-0.0227735 -0.00632572
-0.0227735 -0.00632572
0.0294551 -0.00408512
0.0294551 -0.00408512
0.0344764 0.0688078
0.0344764 0.0688078
0.0315 0.0382264
0.0315 0.0382264
-0.0122518 -0.00430333
-0.0122518 -0.00430333
0.0151187 -0.0151978
0.0151187 -0.0151978
-0.030421 0.0477887
-0.030421 0.0477887
0.012158 -0.0191142
0.012158 -0.0191142
-0.0278676 0.0426026
-0.0278676 0.0426026
0.0493322 -0.0334179
0.0493322 -0.0334179
0.0437625 0.00891983
0.0437625 0.00891983
-0.00428369 0.0255041
-0.00428369 0.0255041
0.0209668 -0.00690875
0.0209668 -0.00690875
7.92171e-05 0.013733
7.92171e-05 0.013733
0.0108542 0.0496367
0.0108542 0.0496367
-0.0615617 -0.0285278
-0.0615617 -0.0285278
0.0285207 0.0239841
0.0285207 0.0239841
0.00473551 0.0227126
0.00473551 0.0227126
-0.00468791 0.0361754
-0.00468791 0.0361754
-0.0011679 -0.00600745
-0.0011679 -0.00600745
0.000366678 0.00682403
0.000366678 0.00682403
0.0319089 0.0500764
0.0319089 0.0500764
0.0142702 0.0451214
0.0142702 0.0451214
-0.00800522 0.0319589
-0.00800522 0.0319589
-0.0166988 -0.0361021
-0.0166988 -0.0361021
-0.00182101 0.0464642
-0.00182101 0.0464642
-0.0273346 0.0392897
-0.0273346 0.0392897
-0.0129361 -0.0159545
-0.0129361 -0.0159545
-0.0199173 0.0492892
-0.0199173 0.0492892
-0.0233088 0.0313607
-0.0233088 0.0313607
0.00421603 0.0255258
0.00421603 0.0255258
-0.000981338 0.00256814
-0.000981338 0.00256814
0.000432098 0.00199808
0.000432098 0.00199808
-0.000852012 0.00892397
-0.000852012 0.00892397
-0.0163199 -0.0312822
-0.0163199 -0.0312822
0.0196967 0.0492941
0.0196967 0.0492941
-0.00653615 0.0471805
-0.00653615 0.0471805
-0.0287098 0.047325
-0.0287098 0.047325
0.0541715 -0.0093863
0.0541715 -0.0093863
-0.00368842 0.0885081
-0.00368842 0.0885081
0.0395099 0.0481509
0.0395099 0.0481509
-0.00843107 0.000603132
-0.00843107 0.000603132
-0.0498983 -0.0471092
-0.0498983 -0.0471092
-0.0188477 0.0301719
-0.0188477 0.0301719
-0.0641625 0.00497771
-0.0641625 0.00497771
0.00955098 0.00783244
0.00955098 0.00783244
0.0202594 -0.00250885
0.0202594 -0.00250885
0.0189506 -0.00662229
0.0189506 -0.00662229
0.00044883 0.0799597
0.00044883 0.0799597
0.0138677 0.0235946
0.0138677 0.0235946
0.0380291 -0.0161915
0.0380291 -0.0161915
0.000345822 0.0462287
0.000345822 0.0462287
0.0477517 -0.0175274
0.0477517 -0.0175274
0.0442999 0.00974908
0.0442999 0.00974908
0.0297059 -0.0236993
0.0297059 -0.0236993
0.0123905 -0.00392967
0.0123905 -0.00392967
0.00370862 -0.00165939
0.00370862 -0.00165939
0.00442714 -0.00125013
0.00442714 -0.00125013
0.0123295 0.044226
0.0123295 0.044226
0.00665793 -0.00248486
0.00665793 -0.00248486
0.000874136 0.0165695
0.000874136 0.0165695
0.00212385 0.0340279
0.00212385 0.0340279
0.0180777 -0.0139725
0.0180777 -0.0139725
0.0111645 -0.00877217
0.0111645 -0.00877217
0.010739 0.0386342
0.010739 0.0386342
0.0799101 0.0204556
0.0799101 0.0204556
0.0264233 0.0340866
0.0264233 0.0340866
0.000637447 0.0164479
0.000637447 0.0164479
0.00654853 0.0539213
0.00654853 0.0539213
0.0417744 0.0575164
0.0417744 0.0575164
0.0212795 0.0671171
0.0212795 0.0671171
0.0152567 -0.0212106
0.0152567 -0.0212106
0.0471411 -0.0045139
0.0471411 -0.0045139
0.0390968 -0.0309314
0.0390968 -0.0309314
-0.0755552 0.0109696
-0.0755552 0.0109696
0.0146512 0.0137116
0.0146512 0.0137116
0.030895 0.0421124
0.030895 0.0421124
0.00189384 0.0327057
0.00189384 0.0327057
0.00214734 0.0471038
0.00214734 0.0471038
0.0353683 0.0272955
0.0353683 0.0272955
0.0130171 0.0122939
0.0130171 0.0122939
0.00496425 0.006546
0.00496425 0.006546
0.00445445 0.00564845
0.00445445 0.00564845
0.00517308 0.00605792
0.00517308 0.00605792
-0.0017711 0.00862931
-0.0017711 0.00862931
-0.00237015 0.00936941
-0.00237015 0.00936941
-0.0199622 0.0353214
-0.0199622 0.0353214
0.012264 0.0374566
0.012264 0.0374566
0.00323118 0.0790856
0.00323118 0.0790856
0.0320122 -0.00210485
0.0320122 -0.00210485
0.00271546 0.00437007
0.00271546 0.00437007
0.0056392 -0.0219983
0.0056392 -0.0219983
0.0122512 0.0348346
0.0122512 0.0348346
0.0337978 0.036231
0.0337978 0.036231
-0.0102643 0.0785805
-0.0102643 0.0785805
-0.0230183 0.032577
-0.0230183 0.032577
0.00311367 0.0153106
0.00311367 0.0153106
0.0222034 0.0632744
0.0222034 0.0632744
-0.0412294 -0.0222645
-0.0412294 -0.0222645
0.000664449 0.0447419
0.000664449 0.0447419
0.0268831 0.033916
0.0268831 0.033916
-0.00326961 0.0242302
-0.00326961 0.0242302
-0.000328364 0.00202407
-0.000328364 0.00202407
0.00849128 0.00222436
0.00849128 0.00222436
0.0331826 0.0333873
0.0331826 0.0333873
0.0344272 -0.00700321
0.0344272 -0.00700321
0.011275 0.0754375
0.011275 0.0754375
0.0063417 0.0517239
0.0063417 0.0517239
0.0309389 0.02465
0.0309389 0.02465
0.0127434 0.0135751
0.0127434 0.0135751
0.0380264 -0.029019
0.0380264 -0.029019
-0.0356735 0.0634708
-0.0356735 0.0634708
-0.046662 0.061467
-0.046662 0.061467
0.0607411 0.0108354
0.0607411 0.0108354
0.038006 0.0235134
0.038006 0.0235134
0.00777044 0.0105777
0.00777044 0.0105777
0.0400398 0.00912779
0.0400398 0.00912779
0.0596695 0.0212016
0.0596695 0.0212016
0.0671013 0.0456221
0.0671013 0.0456221
0.0176137 0.0181371
0.0176137 0.0181371
0.00300029 0.0447688
0.00300029 0.0447688
-0.0410197 0.0307374
-0.0410197 0.0307374
-0.0471952 0.036243
-0.0471952 0.036243
0.0539795 -0.0143531
0.0539795 -0.0143531
-0.0338835 -0.0374852
-0.0338835 -0.0374852
0.0159515 0.0275025
0.0159515 0.0275025
0.00934807 0.011035
0.00934807 0.011035
0.00424561 0.00613654
0.00424561 0.00613654
0.000596196 0.0125564
0.000596196 0.0125564
-0.0117744 0.0560082
-0.0117744 0.0560082
-0.0518371 0.0679889
-0.0518371 0.0679889
-0.0289503 -0.00969
-0.0289503 -0.00969
-0.0054296 0.0212899
-0.0054296 0.0212899
0.0124376 0.0175398
0.0124376 0.0175398
0.0324672 0.0220486
0.0324672 0.0220486
0.0324767 0.0632423
0.0324767 0.0632423
0.0523035 0.0324242
0.0523035 0.0324242
0.00611676 0.0485872
0.00611676 0.0485872
0.0203982 0.0175658
0.0203982 0.0175658
0.0290893 -0.00425302
0.0290893 -0.00425302
0.0269566 0.0144379
0.0269566 0.0144379
0.0388222 0.0291328
0.0388222 0.0291328
0.00613041 0.0394836
0.00613041 0.0394836
-0.00164039 0.0630196
-0.00164039 0.0630196
0.0401791 0.0215931
0.0401791 0.0215931
0.0120461 0.0208686
0.0120461 0.0208686
0.0585263 0.00786725
0.0585263 0.00786725
0.010258 0.0192747
0.010258 0.0192747
-0.00492233 0.0340212
-0.00492233 0.0340212
-0.00885422 0.0614737
-0.00885422 0.0614737
0.0648569 -0.0246761
0.0648569 -0.0246761
0.0492136 -0.0320531
0.0492136 -0.0320531
0.0245399 0.0672376
0.0245399 0.0672376
0.0446854 0.0681302
0.0446854 0.0681302
0.00135693 -0.00523538
0.00135693 -0.00523538
-0.0227132 0.0744129
-0.0227132 0.0744129
0.0268154 0.0353113
0.0268154 0.0353113
0.0171344 0.0817984
0.0171344 0.0817984
-0.0137057 0.0147534
-0.0137057 0.0147534
0.0499571 0.0790689
0.0499571 0.0790689
-0.00852445 0.0813775
-0.00852445 0.0813775
-0.0294462 0.00332831
-0.0294462 0.00332831
0.024836 0.0403062
0.024836 0.0403062
-0.0183499 0.0385922
-0.0183499 0.0385922
-0.000179097 0.00529728
-0.000179097 0.00529728
0.00123323 0.00472568
0.00123323 0.00472568
0.00123323 0.00472568
0.00123323 0.00472568
-1.24326e-05 0.00643193
-1.24326e-05 0.00643193
0.0305451 0.0321119
0.0305451 0.0321119
-0.0111627 0.016271
-0.0111627 0.016271
-0.0310643 0.0317539
-0.0310643 0.0317539
-0.0256676 0.0483633
-0.0256676 0.0483633
0.0110563 0.0626045
0.0110563 0.0626045
0.0128464 -0.00961404
0.0128464 -0.00961404
0.013961 0.0400954
0.013961 0.0400954
0.0200236 -0.0482049
0.0200236 -0.0482049
-0.0512529 -0.00742756
-0.0512529 -0.00742756
-0.0186117 0.0794701
-0.0186117 0.0794701
-0.0260909 0.0492694
-0.0260909 0.0492694
0.00963626 -0.00143383
0.00963626 -0.00143383
0.00609607 0.00441126
0.00609607 0.00441126
0.00407631 0.00234526
0.00407631 0.00234526
0.0245839 -0.00751574
0.0245839 -0.00751574
0.00451075 0.00106955
0.00451075 0.00106955
0.00451075 0.00106955
0.00451075 0.00106955
0.00522938 0.00147901
0.00522938 0.00147901
0.00491185 -0.0024566
0.00491185 -0.0024566
0.0422717 0.0324409
0.0422717 0.0324409
0.0283914 -0.025313
0.0283914 -0.025313
0.00394818 -0.00229433
0.00394818 -0.00229433
0.0594827 -0.0263596
0.0594827 -0.0263596
0.0316725 0.0480339
0.0316725 0.0480339
0.0372861 0.026716
0.0372861 0.026716
0.0378627 0.0675765
0.0378627 0.0675765
-0.060623 -0.0104679
-0.060623 -0.0104679
0.0108517 0.0514703
0.0108517 0.0514703
0.0256359 0.0163164
0.0256359 0.0163164
0.0330672 -0.00221395
0.0330672 -0.00221395
0.0425153 0.0215406
0.0425153 0.0215406
0.00238295 0.0300496
0.00238295 0.0300496
0.0566291 0.0730846
0.0566291 0.0730846
0.0335775 0.0216682
0.0335775 0.0216682
0.0066448 0.0119979
0.0066448 0.0119979
0.00517308 0.00605792
0.00517308 0.00605792
