iter      cost      cost_change  |gradient|   |step|    tr_ratio  tr_radius  ls_iter  iter_time  total_time
   0  1,167389e+01    0,00e+00    3,30e-01   0,00e+00   0,00e+00  1,00e+04        0    2,74e+00    2,76e+00
   1  1,167389e+01   -1,73e+01    0,00e+00   2,13e+01  -1,48e+00  5,00e+03        1    2,84e+01    3,12e+01
   2  1,167389e+01   -1,90e+01    0,00e+00   2,09e+01  -1,63e+00  1,25e+03        1    2,82e+01    5,93e+01
   3  1,167389e+01   -2,23e+01    0,00e+00   2,03e+01  -1,91e+00  1,56e+02        1    2,81e+01    8,75e+01
   4  1,167389e+01   -2,45e+01    0,00e+00   1,89e+01  -2,12e+00  9,77e+00        1    2,94e+01    1,17e+02
   5  1,167389e+01   -1,56e+01    0,00e+00   1,13e+01  -1,67e+00  3,05e-01        1    2,82e+01    1,45e+02
   6  1,167389e+01   -1,78e-01    0,00e+00   1,39e+00  -1,15e-01  4,77e-03        1    2,82e+01    1,73e+02
   7  1,164034e+01    3,35e-02    3,44e-01   2,70e-02   1,02e+00  1,43e-02        1    3,18e+01    2,05e+02
   8  1,164034e+01   -3,02e+02    0,00e+00   9,53e+00  -1,08e+03  7,15e-03        1    2,81e+01    2,33e+02
   9  1,164034e+01   -2,02e+02    0,00e+00   4,87e+00  -1,40e+03  1,79e-03        1    3,71e+01    2,70e+02
  10  1,158821e+01    5,21e-02    6,84e+00   1,24e+00   1,42e+00  5,36e-03        1    3,13e+01    3,01e+02
  11  1,158821e+01   -1,17e+02    0,00e+00   4,22e+00  -6,57e+02  2,68e-03        1    2,89e+01    3,30e+02
  12  1,158821e+01   -3,02e+01    0,00e+00   2,14e+00  -3,33e+02  6,71e-04        1    2,80e+01    3,58e+02
  13  1,156822e+01    2,00e-02    6,61e+00   5,39e-01   8,70e-01  1,13e-03        1    3,10e+01    3,89e+02
  14  1,156822e+01   -9,14e-01    0,00e+00   1,23e+00  -2,00e+01  5,65e-04        1    2,80e+01    4,17e+02
  15  1,154920e+01    1,90e-02    7,02e+00   6,18e-01   8,31e-01  7,95e-04        1    3,19e+01    4,49e+02
  16  1,154920e+01   -1,96e+00    0,00e+00   7,79e-01  -5,56e+01  3,98e-04        1    2,80e+01    4,77e+02
  17  1,153399e+01    1,52e-02    7,09e+00   3,90e-01   8,59e-01  6,32e-04        1    3,11e+01    5,08e+02
  18  1,150484e+01    2,92e-02    7,16e+00   7,17e-01   9,26e-01  1,65e-03        1    3,12e+01    5,39e+02
  19  1,150484e+01   -2,86e+01    0,00e+00   1,75e+00  -2,98e+02  8,27e-04        1    2,86e+01    5,68e+02
  20  1,150484e+01   -9,37e-01    0,00e+00   8,77e-01  -1,94e+01  2,07e-04        1    2,80e+01    5,96e+02
  21  1,149498e+01    9,86e-03    7,18e+00   2,20e-01   8,14e-01  2,75e-04        1    3,27e+01    6,29e+02
  22  1,148097e+01    1,40e-02    7,22e+00   2,95e-01   8,32e-01  3,89e-04        1    3,11e+01    6,60e+02
  23  1,145864e+01    2,23e-02    7,25e+00   3,91e-01   9,01e-01  8,01e-04        1    3,11e+01    6,91e+02
  24  1,145864e+01   -1,06e+00    0,00e+00   7,76e-01  -1,92e+01  4,01e-04        1    2,82e+01    7,19e+02
  25  1,143374e+01    2,49e-02    7,29e+00   3,89e-01   8,96e-01  7,98e-04        1    3,13e+01    7,50e+02
  26  1,143374e+01   -2,14e+00    0,00e+00   7,07e-01  -3,75e+01  3,99e-04        1    2,80e+01    7,78e+02
  27  1,140825e+01    2,55e-02    7,30e+00   3,54e-01   8,89e-01  7,52e-04        1    4,16e+01    8,20e+02
  28  1,140825e+01   -1,03e+00    0,00e+00   6,22e-01  -1,85e+01  3,76e-04        1    3,08e+01    8,51e+02
  29  1,138300e+01    2,52e-02    7,82e+00   3,11e-01   8,99e-01  7,66e-04        1    3,14e+01    8,82e+02
  30  1,132142e+01    6,16e-02    8,49e+00   6,27e-01   1,05e+00  2,30e-03        1    3,18e+01    9,14e+02
  31  1,132142e+01   -4,07e+01    0,00e+00   1,59e+00  -2,19e+02  1,15e-03        1    2,89e+01    9,43e+02
  32  1,126603e+01    5,54e-02    3,74e+02   7,99e-01   5,91e-01  1,16e-03        1    3,19e+01    9,75e+02
  33  1,126603e+01   -4,36e+00    0,00e+00   6,53e-01  -4,29e+01  5,78e-04        1    2,79e+01    1,00e+03
  34  1,126603e+01   -5,74e-02    0,00e+00   3,27e-01  -1,12e+00  1,44e-04        1    2,81e+01    1,03e+03
  35  1,125447e+01    1,16e-02    3,74e+02   8,20e-02   9,03e-01  3,02e-04        1    3,13e+01    1,06e+03
  36  1,122956e+01    2,49e-02    3,72e+02   1,76e-01   9,42e-01  9,07e-04        1    3,13e+01    1,09e+03
  37  1,122956e+01   -1,04e+00    0,00e+00   5,16e-01  -1,29e+01  4,53e-04        1    2,81e+01    1,12e+03
  38  1,119110e+01    3,85e-02    3,53e+02   2,59e-01   9,49e-01  1,36e-03        1    3,21e+01    1,15e+03
  39  1,119110e+01   -4,11e+00    0,00e+00   6,92e-01  -3,42e+01  6,80e-04        1    2,80e+01    1,18e+03
  40  1,113181e+01    5,93e-02    3,68e+02   3,47e-01   9,80e-01  2,04e-03        1    3,13e+01    1,21e+03
  41  1,113181e+01   -8,84e+00    0,00e+00   9,70e-01  -4,90e+01  1,02e-03        1    2,79e+01    1,24e+03
  42  1,105278e+01    7,90e-02    3,64e+02   4,87e-01   8,68e-01  1,69e-03        1    3,13e+01    1,27e+03
  43  1,105278e+01   -3,18e+00    0,00e+00   7,14e-01  -2,07e+01  8,47e-04        1    2,80e+01    1,30e+03
  44  1,105278e+01   -1,63e+00    0,00e+00   3,58e-01  -2,10e+01  2,12e-04        1    2,92e+01    1,33e+03
  45  1,103455e+01    1,82e-02    3,63e+02   8,99e-02   9,36e-01  6,31e-04        1    3,82e+01    1,37e+03
  46  1,103455e+01   -9,67e-01    0,00e+00   2,36e-01  -1,69e+01  3,15e-04        1    3,20e+01    1,40e+03
  47  1,100790e+01    2,66e-02    3,61e+02   1,18e-01   9,30e-01  8,64e-04        1    3,78e+01    1,44e+03
  48  1,100790e+01   -2,69e-02    0,00e+00   3,18e-01  -3,44e-01  4,32e-04        1    4,16e+01    1,48e+03
  49  1,097206e+01    3,58e-02    3,60e+02   1,59e-01   9,15e-01  1,00e-03        1    5,55e+01    1,53e+03
  50  1,097206e+01   -1,21e+00    0,00e+00   3,56e-01  -1,35e+01  5,02e-04        1    4,82e+01    1,58e+03

Solver Summary (v 1.10.0-lapack-suitesparse-cxsparse-openmp)

                                     Original                  Reduced
Parameter blocks                            3                        3
Parameters                               2883                     2883
Residual blocks                             3                        3
Residual                                 2883                     2883

Minimizer                        TRUST_REGION

Sparse linear algebra library    SUITE_SPARSE
Trust region strategy     LEVENBERG_MARQUARDT

                                        Given                     Used
Linear solver          SPARSE_NORMAL_CHOLESKY   SPARSE_NORMAL_CHOLESKY
Threads                                     1                        1
Linear solver threads                       1                        1

Cost:
Initial                          1,167389e+01
Final                            1,097206e+01
Change                           7,018307e-01

Minimizer iterations                       50
Successful steps                           22
Unsuccessful steps                         28

Time (in seconds):
Preprocessor                           0,0153

  Residual evaluation                  0,0571
  Jacobian evaluation                 78,0961
  Linear solver                     1503,1675
Minimizer                           1582,5712

Postprocessor                          0,0000
Total                               1582,5866

Termination:                   NO_CONVERGENCE (Maximum number of iterations reached.)

faceVertices size961
desiredNormals size961
