iter      cost      cost_change  |gradient|   |step|    tr_ratio  tr_radius  ls_iter  iter_time  total_time
   0  1,167389e+01    0,00e+00    3,30e-01   0,00e+00   0,00e+00  1,00e+04        0    3,10e+00    3,11e+00
   1  1,167389e+01   -1,73e+01    0,00e+00   2,13e+01  -1,48e+00  5,00e+03        1    2,00e+01    2,32e+01
   2  1,167389e+01   -1,90e+01    0,00e+00   2,09e+01  -1,63e+00  1,25e+03        1    1,92e+01    4,23e+01
   3  1,167389e+01   -2,23e+01    0,00e+00   2,03e+01  -1,91e+00  1,56e+02        1    1,92e+01    6,16e+01
   4  1,167389e+01   -2,45e+01    0,00e+00   1,89e+01  -2,12e+00  9,77e+00        1    1,96e+01    8,11e+01
   5  1,167389e+01   -1,56e+01    0,00e+00   1,13e+01  -1,67e+00  3,05e-01        1    1,83e+01    9,94e+01
   6  1,167389e+01   -1,78e-01    0,00e+00   1,39e+00  -1,15e-01  4,77e-03        1    1,87e+01    1,18e+02
   7  1,164034e+01    3,35e-02    3,44e-01   2,70e-02   1,02e+00  1,43e-02        1    1,85e+01    1,37e+02
   8  1,164034e+01   -3,02e+02    0,00e+00   9,53e+00  -1,08e+03  7,15e-03        1    1,58e+01    1,52e+02
   9  1,164034e+01   -2,02e+02    0,00e+00   4,87e+00  -1,40e+03  1,79e-03        1    1,69e+01    1,69e+02
  10  1,158820e+01    5,21e-02    6,84e+00   1,24e+00   1,42e+00  5,36e-03        1    1,93e+01    1,89e+02
  11  1,158820e+01   -1,19e+02    0,00e+00   4,27e+00  -6,64e+02  2,68e-03        1    1,44e+01    2,03e+02
  12  1,158820e+01   -3,13e+01    0,00e+00   2,17e+00  -3,44e+02  6,71e-04        1    1,50e+01    2,18e+02
  13  1,156817e+01    2,00e-02    6,61e+00   5,47e-01   8,70e-01  1,13e-03        1    1,68e+01    2,35e+02
  14  1,156817e+01   -1,11e+01    0,00e+00   1,18e+00  -2,52e+02  5,64e-04        1    1,42e+01    2,49e+02
  15  1,154832e+01    1,99e-02    7,04e+00   5,91e-01   8,94e-01  1,11e-03        1    1,75e+01    2,66e+02
  16  1,154832e+01   -1,08e+01    0,00e+00   1,31e+00  -2,23e+02  5,54e-04        1    1,44e+01    2,81e+02
  17  1,152499e+01    2,33e-02    7,11e+00   6,59e-01   9,57e-01  1,66e-03        1    1,66e+01    2,97e+02
  18  1,152499e+01   -4,16e+01    0,00e+00   1,95e+00  -4,84e+02  8,31e-04        1    1,61e+01    3,14e+02
  19  1,152499e+01   -3,91e+00    0,00e+00   9,77e-01  -9,05e+01  2,08e-04        1    1,51e+01    3,29e+02
  20  1,151632e+01    8,67e-03    7,14e+00   2,45e-01   7,99e-01  2,65e-04        1    1,79e+01    3,47e+02
  21  1,150434e+01    1,20e-02    7,18e+00   2,92e-01   8,43e-01  3,90e-04        1    1,85e+01    3,65e+02
  22  1,148418e+01    2,02e-02    7,22e+00   4,23e-01   9,10e-01  8,67e-04        1    1,82e+01    3,83e+02
  23  1,148418e+01   -1,74e+00    0,00e+00   9,10e-01  -3,19e+01  4,33e-04        1    1,61e+01    3,99e+02
  24  1,145938e+01    2,48e-02    7,28e+00   4,56e-01   9,07e-01  9,41e-04        1    1,82e+01    4,18e+02
  25  1,145938e+01   -1,02e+00    0,00e+00   9,25e-01  -1,62e+01  4,71e-04        1    1,57e+01    4,33e+02
  26  1,143033e+01    2,90e-02    7,44e+00   4,64e-01   9,23e-01  1,19e-03        1    1,85e+01    4,52e+02
  27  1,143033e+01   -8,49e+00    0,00e+00   1,11e+00  -9,85e+01  5,97e-04        1    1,53e+01    4,67e+02
  28  1,143033e+01   -1,02e+00    0,00e+00   5,57e-01  -2,36e+01  1,49e-04        1    1,52e+01    4,82e+02
  29  1,142106e+01    9,27e-03    7,67e+00   1,40e-01   8,53e-01  2,30e-04        1    1,87e+01    5,01e+02
  30  1,140579e+01    1,53e-02    8,00e+00   2,17e-01   8,93e-01  4,46e-04        1    1,86e+01    5,20e+02
  31  1,140579e+01   -1,12e+00    0,00e+00   3,93e-01  -3,31e+01  2,23e-04        1    1,51e+01    5,35e+02
  32  1,139087e+01    1,49e-02    8,32e+00   1,97e-01   8,77e-01  3,90e-04        1    1,83e+01    5,53e+02
  33  1,136273e+01    2,81e-02    8,83e+00   3,32e-01   9,34e-01  1,12e-03        1    2,75e+01    5,81e+02
  34  1,136273e+01   -2,41e+00    0,00e+00   8,78e-01  -2,71e+01  5,61e-04        1    1,66e+01    5,97e+02
  35  1,131901e+01    4,37e-02    9,62e+00   4,40e-01   9,79e-01  1,68e-03        1    1,99e+01    6,17e+02
  36  1,131901e+01   -2,41e+01    0,00e+00   1,23e+00  -1,72e+02  8,41e-04        1    1,73e+01    6,34e+02
  37  1,131901e+01   -3,52e+00    0,00e+00   6,18e-01  -4,99e+01  2,10e-04        1    1,49e+01    6,49e+02
  38  1,130281e+01    1,62e-02    9,87e+00   1,55e-01   9,15e-01  4,89e-04        1    1,72e+01    6,67e+02
  39  1,130281e+01   -2,12e+00    0,00e+00   3,46e-01  -5,09e+01  2,45e-04        1    1,44e+01    6,81e+02
  40  1,130281e+01   -1,08e+00    0,00e+00   1,73e-01  -5,18e+01  6,12e-05        1    1,47e+01    6,96e+02
  41  1,129813e+01    4,68e-03    9,94e+00   4,34e-02   8,95e-01  1,21e-04        1    1,79e+01    7,13e+02
  42  1,128879e+01    9,34e-03    1,01e+01   8,10e-02   9,06e-01  2,59e-04        1    1,85e+01    7,32e+02
  43  1,128879e+01   -9,74e-01    0,00e+00   1,72e-01  -4,35e+01  1,29e-04        1    1,69e+01    7,49e+02
  44  1,127866e+01    1,01e-02    1,02e+01   8,60e-02   9,03e-01  2,73e-04        1    1,91e+01    7,68e+02
  45  1,127866e+01   -1,99e+00    0,00e+00   1,87e-01  -8,37e+01  1,36e-04        1    1,60e+01    7,84e+02
  46  1,126825e+01    1,04e-02    1,55e+01   9,38e-02   8,74e-01  2,35e-04        1    1,85e+01    8,02e+02
  47  1,124941e+01    1,88e-02    1,28e+01   1,47e-01   9,24e-01  6,02e-04        1    1,93e+01    8,22e+02
  48  1,119700e+01    5,24e-02    1,12e+01   3,85e-01   9,89e-01  1,81e-03        1    1,98e+01    8,41e+02
  49  1,119700e+01   -9,16e+00    0,00e+00   9,66e-01  -5,73e+01  9,03e-04        1    1,61e+01    8,57e+02
  50  1,111595e+01    8,11e-02    1,15e+01   4,85e-01   1,00e+00  2,71e-03        1    1,87e+01    8,76e+02

Solver Summary (v 1.10.0-lapack-suitesparse-cxsparse-openmp)

                                     Original                  Reduced
Parameter blocks                            3                        3
Parameters                               2883                     2883
Residual blocks                             1                        1
Residual                                  961                      961

Minimizer                        TRUST_REGION

Sparse linear algebra library    SUITE_SPARSE
Trust region strategy     LEVENBERG_MARQUARDT

                                        Given                     Used
Linear solver          SPARSE_NORMAL_CHOLESKY   SPARSE_NORMAL_CHOLESKY
Threads                                     1                        1
Linear solver threads                       1                        1

Cost:
Initial                          1,167389e+01
Final                            1,111595e+01
Change                           5,579390e-01

Minimizer iterations                       50
Successful steps                           23
Unsuccessful steps                         27

Time (in seconds):
Preprocessor                           0,0075

  Residual evaluation                  0,0370
  Jacobian evaluation                 67,7227
  Linear solver                      807,8210
Minimizer                            876,1039

Postprocessor                          0,0000
Total                                876,1114

Termination:                   NO_CONVERGENCE (Maximum number of iterations reached.)

faceVertices size961
desiredNormals size961
