Eint+Ebar
iter      cost      cost_change  |gradient|   |step|    tr_ratio  tr_radius  ls_iter  iter_time  total_time
   0  1,167389e+01    0,00e+00    3,30e-01   0,00e+00   0,00e+00  1,00e+04        0    3,30e+00    3,31e+00
   1  1,167389e+01   -1,73e+01    0,00e+00   2,13e+01  -1,48e+00  5,00e+03        1    2,38e+01    2,71e+01
   2  1,167389e+01   -1,90e+01    0,00e+00   2,09e+01  -1,63e+00  1,25e+03        1    1,76e+01    4,47e+01
   3  1,167389e+01   -2,23e+01    0,00e+00   2,03e+01  -1,91e+00  1,56e+02        1    1,87e+01    6,33e+01
   4  1,167389e+01   -2,45e+01    0,00e+00   1,89e+01  -2,12e+00  9,77e+00        1    1,75e+01    8,09e+01
   5  1,167389e+01   -1,56e+01    0,00e+00   1,13e+01  -1,67e+00  3,05e-01        1    1,76e+01    9,84e+01
   6  1,167389e+01   -1,78e-01    0,00e+00   1,39e+00  -1,15e-01  4,77e-03        1    1,75e+01    1,16e+02
   7  1,164034e+01    3,35e-02    3,44e-01   2,70e-02   1,02e+00  1,43e-02        1    2,06e+01    1,37e+02
   8  1,164034e+01   -3,02e+02    0,00e+00   9,53e+00  -1,08e+03  7,15e-03        1    1,78e+01    1,54e+02
   9  1,164034e+01   -2,02e+02    0,00e+00   4,87e+00  -1,40e+03  1,79e-03        1    1,76e+01    1,72e+02
  10  1,158820e+01    5,21e-02    6,84e+00   1,24e+00   1,42e+00  5,36e-03        1    2,16e+01    1,94e+02
  11  1,158820e+01   -1,19e+02    0,00e+00   4,27e+00  -6,64e+02  2,68e-03        1    1,83e+01    2,12e+02
  12  1,158820e+01   -3,13e+01    0,00e+00   2,17e+00  -3,44e+02  6,71e-04        1    1,80e+01    2,30e+02
  13  1,156817e+01    2,00e-02    6,61e+00   5,47e-01   8,70e-01  1,13e-03        1    2,19e+01    2,52e+02
  14  1,156817e+01   -1,11e+01    0,00e+00   1,18e+00  -2,52e+02  5,64e-04        1    1,85e+01    2,70e+02
  15  1,154832e+01    1,99e-02    7,04e+00   5,91e-01   8,94e-01  1,11e-03        1    2,18e+01    2,92e+02
  16  1,154832e+01   -1,08e+01    0,00e+00   1,31e+00  -2,23e+02  5,54e-04        1    1,94e+01    3,11e+02
  17  1,152499e+01    2,33e-02    7,11e+00   6,59e-01   9,57e-01  1,66e-03        1    2,20e+01    3,33e+02
  18  1,152499e+01   -4,16e+01    0,00e+00   1,95e+00  -4,84e+02  8,31e-04        1    2,08e+01    3,54e+02
  19  1,152499e+01   -3,91e+00    0,00e+00   9,77e-01  -9,05e+01  2,08e-04        1    1,84e+01    3,73e+02
  20  1,151632e+01    8,67e-03    7,14e+00   2,45e-01   7,99e-01  2,65e-04        1    2,18e+01    3,94e+02
  21  1,150434e+01    1,20e-02    7,18e+00   2,92e-01   8,43e-01  3,90e-04        1    2,19e+01    4,16e+02
  22  1,148418e+01    2,02e-02    7,22e+00   4,23e-01   9,10e-01  8,67e-04        1    2,12e+01    4,37e+02
  23  1,148418e+01   -1,74e+00    0,00e+00   9,10e-01  -3,19e+01  4,33e-04        1    1,75e+01    4,55e+02
  24  1,145938e+01    2,48e-02    7,28e+00   4,56e-01   9,07e-01  9,41e-04        1    2,17e+01    4,77e+02
  25  1,145938e+01   -1,02e+00    0,00e+00   9,25e-01  -1,62e+01  4,71e-04        1    1,92e+01    4,96e+02
  26  1,143033e+01    2,90e-02    7,44e+00   4,64e-01   9,23e-01  1,19e-03        1    2,66e+01    5,22e+02
  27  1,143033e+01   -8,49e+00    0,00e+00   1,11e+00  -9,85e+01  5,97e-04        1    1,89e+01    5,41e+02
  28  1,143033e+01   -1,02e+00    0,00e+00   5,57e-01  -2,36e+01  1,49e-04        1    1,80e+01    5,59e+02
  29  1,142106e+01    9,27e-03    7,67e+00   1,40e-01   8,53e-01  2,30e-04        1    2,11e+01    5,80e+02
  30  1,140579e+01    1,53e-02    8,00e+00   2,17e-01   8,93e-01  4,46e-04        1    2,11e+01    6,02e+02
  31  1,140579e+01   -1,12e+00    0,00e+00   3,93e-01  -3,31e+01  2,23e-04        1    2,15e+01    6,23e+02
  32  1,139087e+01    1,49e-02    8,32e+00   1,97e-01   8,77e-01  3,90e-04        1    2,45e+01    6,48e+02
  33  1,136273e+01    2,81e-02    8,83e+00   3,32e-01   9,34e-01  1,12e-03        1    1,97e+01    6,67e+02
  34  1,136273e+01   -2,41e+00    0,00e+00   8,78e-01  -2,71e+01  5,61e-04        1    1,69e+01    6,84e+02
  35  1,131901e+01    4,37e-02    9,62e+00   4,40e-01   9,79e-01  1,68e-03        1    2,07e+01    7,05e+02
  36  1,131901e+01   -2,41e+01    0,00e+00   1,23e+00  -1,72e+02  8,41e-04        1    1,85e+01    7,23e+02
  37  1,131901e+01   -3,52e+00    0,00e+00   6,18e-01  -4,99e+01  2,10e-04        1    2,18e+01    7,45e+02
  38  1,130281e+01    1,62e-02    9,87e+00   1,55e-01   9,15e-01  4,89e-04        1    2,53e+01    7,70e+02
  39  1,130281e+01   -2,12e+00    0,00e+00   3,46e-01  -5,09e+01  2,45e-04        1    1,77e+01    7,88e+02
  40  1,130281e+01   -1,08e+00    0,00e+00   1,73e-01  -5,18e+01  6,12e-05        1    1,74e+01    8,06e+02
  41  1,129813e+01    4,68e-03    9,94e+00   4,34e-02   8,95e-01  1,21e-04        1    2,01e+01    8,26e+02
  42  1,128879e+01    9,34e-03    1,01e+01   8,16e-02   9,05e-01  2,58e-04        1    2,04e+01    8,46e+02
  43  1,126805e+01    2,07e-02    1,04e+01   1,74e-01   9,30e-01  7,08e-04        1    2,01e+01    8,66e+02
  44  1,126805e+01   -1,08e+00    0,00e+00   4,52e-01  -1,74e+01  3,54e-04        1    1,81e+01    8,84e+02
  45  1,126805e+01   -1,08e+00    0,00e+00   2,26e-01  -3,44e+01  8,85e-05        1    2,12e+01    9,05e+02
  46  1,126104e+01    7,01e-03    1,05e+01   5,67e-02   8,92e-01  1,71e-04        1    2,17e+01    9,27e+02
  47  1,124722e+01    1,38e-02    1,06e+01   1,12e-01   9,19e-01  4,17e-04        1    2,17e+01    9,49e+02
  48  1,121460e+01    3,26e-02    1,05e+01   2,53e-01   8,80e-01  7,43e-04        1    2,00e+01    9,69e+02
  49  1,121460e+01   -9,78e-01    0,00e+00   4,35e-01  -1,48e+01  3,71e-04        1    1,69e+01    9,86e+02
  50  1,118289e+01    3,17e-02    1,14e+01   2,18e-01   9,53e-01  1,11e-03        1    1,99e+01    1,01e+03

Solver Summary (v 1.10.0-lapack-suitesparse-cxsparse-openmp)

                                     Original                  Reduced
Parameter blocks                            3                        3
Parameters                               2883                     2883
Residual blocks                             2                        2
Residual                                 1922                     1922

Minimizer                        TRUST_REGION

Sparse linear algebra library    SUITE_SPARSE
Trust region strategy     LEVENBERG_MARQUARDT

                                        Given                     Used
Linear solver          SPARSE_NORMAL_CHOLESKY   SPARSE_NORMAL_CHOLESKY
Threads                                     1                        1
Linear solver threads                       1                        1

Cost:
Initial                          1,167389e+01
Final                            1,118289e+01
Change                           4,909986e-01

Minimizer iterations                       50
Successful steps                           23
Unsuccessful steps                         27

Time (in seconds):
Preprocessor                           0,0088

  Residual evaluation                  0,0581
  Jacobian evaluation                 74,5348
  Linear solver                      930,3281
Minimizer                           1005,7076

Postprocessor                          0,0000
Total                               1005,7164

Termination:                   NO_CONVERGENCE (Maximum number of iterations reached.)

faceVertices size961
desiredNormals size961
