iter      cost      cost_change  |gradient|   |step|    tr_ratio  tr_radius  ls_iter  iter_time  total_time
   0  1,983392e+02    0,00e+00    4,72e-01   0,00e+00   0,00e+00  1,00e+04        0    1,79e+02    1,79e+02
   1  1,983392e+02   -5,14e+14    0,00e+00   5,32e+04  -2,62e+12  5,00e+03        3    2,85e+01    2,08e+02
   2  1,983392e+02   -5,75e+13    0,00e+00   3,03e+04  -2,94e+11  1,25e+03        3    2,75e+01    2,35e+02
   3  1,983392e+02   -3,45e+11    0,00e+00   8,33e+03  -1,77e+09  1,56e+02        3    2,78e+01    2,63e+02
   4  1,983392e+02   -3,18e+07    0,00e+00   1,08e+03  -1,64e+05  9,77e+00        3    2,78e+01    2,91e+02
   5  1,983392e+02   -1,44e+07    0,00e+00   1,03e+03  -7,53e+04  3,05e-01        3    2,72e+01    3,18e+02
   6  1,983392e+02   -7,79e+05    0,00e+00   4,89e+02  -7,05e+03  4,77e-03        2    2,76e+01    3,45e+02
   7  1,983392e+02   -1,73e+01    0,00e+00   1,34e+01  -5,13e+00  3,73e-05        2    2,74e+01    3,73e+02
   8  1,983089e+02    3,02e-02    4,99e-01   1,06e-01   1,13e+00  1,12e-04        2    2,46e+02    6,19e+02
   9  1,982068e+02    1,02e-01    4,91e-01   3,68e-01   1,25e+00  3,35e-04        2    1,91e+02    8,10e+02
  10  1,982068e+02   -1,08e+01    0,00e+00   1,01e+00  -4,43e+01  1,68e-04        2    2,64e+01    8,36e+02
  11  1,980549e+02    1,52e-01    1,55e+00   5,07e-01   1,24e+00  5,03e-04        2    1,68e+02    1,00e+03
  12  1,980549e+02   -1,42e+01    0,00e+00   1,02e+00  -3,92e+01  2,51e-04        2    2,61e+01    1,03e+03
  13  1,978482e+02    2,07e-01    1,85e+00   5,13e-01   1,14e+00  7,54e-04        2    1,54e+02    1,18e+03
  14  1,978482e+02   -2,57e+01    0,00e+00   1,77e+00  -4,75e+01  3,77e-04        2    2,61e+01    1,21e+03
  15  1,978482e+02   -1,27e+01    0,00e+00   8,85e-01  -4,68e+01  9,43e-05        2    2,61e+01    1,24e+03
  16  1,977682e+02    8,00e-02    1,91e+00   2,22e-01   1,18e+00  2,83e-04        2    1,53e+02    1,39e+03
  17  1,975405e+02    2,28e-01    2,19e+00   6,07e-01   1,12e+00  8,49e-04        2    1,49e+02    1,54e+03
  18  1,975405e+02   -1,71e+01    0,00e+00   1,51e+00  -2,81e+01  4,24e-04        2    2,61e+01    1,56e+03
  19  1,975405e+02   -1,08e+01    0,00e+00   7,55e-01  -3,55e+01  1,06e-04        2    2,61e+01    1,59e+03
  20  1,974578e+02    8,27e-02    2,31e+00   1,89e-01   1,08e+00  3,18e-04        2    1,48e+02    1,74e+03
  21  1,974578e+02   -8,65e+00    0,00e+00   9,93e-01  -3,73e+01  1,59e-04        2    2,61e+01    1,76e+03
  22  1,973209e+02    1,37e-01    2,47e+00   4,97e-01   1,18e+00  4,77e-04        2    1,47e+02    1,91e+03
  23  1,973209e+02   -1,99e+01    0,00e+00   1,26e+00  -5,73e+01  2,39e-04        2    2,61e+01    1,94e+03
  24  1,973209e+02   -4,19e+00    0,00e+00   6,31e-01  -2,41e+01  5,97e-05        2    2,63e+01    1,96e+03
  25  1,972703e+02    5,06e-02    2,82e+00   1,58e-01   1,17e+00  1,79e-04        2    1,47e+02    2,11e+03
  26  1,972703e+02   -4,29e+00    0,00e+00   7,54e-01  -3,27e+01  8,95e-05        2    2,62e+01    2,14e+03
  27  1,972703e+02   -2,06e+00    0,00e+00   3,77e-01  -3,14e+01  2,24e-05        2    2,61e+01    2,16e+03
  28  1,972492e+02    2,11e-02    2,90e+00   9,43e-02   1,28e+00  6,71e-05        2    1,45e+02    2,31e+03
  29  1,971885e+02    6,07e-02    2,94e+00   2,30e-01   1,23e+00  2,01e-04        2    1,46e+02    2,45e+03
  30  1,971885e+02   -4,16e+00    0,00e+00   6,18e-01  -2,83e+01  1,01e-04        2    2,61e+01    2,48e+03
  31  1,971885e+02   -2,19e+00    0,00e+00   3,09e-01  -2,97e+01  2,52e-05        2    2,61e+01    2,51e+03
  32  1,971671e+02    2,14e-02    2,96e+00   7,73e-02   1,16e+00  7,55e-05        2    1,55e+02    2,66e+03
  33  1,971007e+02    6,65e-02    3,03e+00   2,60e-01   1,20e+00  2,27e-04        2    2,33e+02    2,89e+03
  34  1,971007e+02   -6,38e+00    0,00e+00   7,31e-01  -3,86e+01  1,13e-04        2    3,45e+01    2,93e+03
  35  1,971007e+02   -2,08e+00    0,00e+00   3,66e-01  -2,52e+01  2,83e-05        2    3,63e+01    2,96e+03
  36  1,970754e+02    2,52e-02    3,08e+00   9,14e-02   1,22e+00  8,50e-05        2    2,32e+02    3,20e+03
  37  1,970754e+02   -2,11e+00    0,00e+00   2,81e-01  -3,41e+01  4,25e-05        2    3,36e+01    3,23e+03
  38  1,970754e+02   -2,29e+00    0,00e+00   1,40e-01  -7,41e+01  1,06e-05        2    3,36e+01    3,26e+03
  39  1,970661e+02    9,31e-03    3,09e+00   3,51e-02   1,20e+00  3,19e-05        2    2,28e+02    3,49e+03
  40  1,970367e+02    2,94e-02    9,80e+00   1,25e-01   1,25e+00  9,56e-05        2    1,45e+02    3,64e+03
  41  1,969470e+02    8,97e-02    3,20e+00   3,98e-01   1,27e+00  2,87e-04        2    1,45e+02    3,78e+03
  42  1,969470e+02   -1,74e+01    0,00e+00   1,21e+00  -8,19e+01  1,43e-04        2    2,61e+01    3,81e+03
  43  1,969470e+02   -4,25e+00    0,00e+00   6,07e-01  -4,00e+01  3,58e-05        2    2,61e+01    3,83e+03
  44  1,969142e+02    3,28e-02    3,23e+00   1,52e-01   1,23e+00  1,08e-04        2    1,44e+02    3,98e+03
  45  1,968163e+02    9,79e-02    3,31e+00   3,37e-01   1,26e+00  3,23e-04        2    1,43e+02    4,12e+03
  46  1,968163e+02   -1,72e+01    0,00e+00   1,25e+00  -7,25e+01  1,61e-04        2    2,61e+01    4,15e+03
  47  1,968163e+02   -6,32e+00    0,00e+00   6,26e-01  -5,31e+01  4,03e-05        2    2,61e+01    4,17e+03
  48  1,967783e+02    3,80e-02    6,21e+00   1,57e-01   1,28e+00  1,21e-04        2    1,43e+02    4,31e+03
  49  1,967783e+02   -2,06e+00    0,00e+00   4,52e-01  -2,32e+01  6,05e-05        2    2,61e+01    4,34e+03
  50  1,967222e+02    5,62e-02    3,55e+00   2,26e-01   1,27e+00  1,81e-04        2    1,43e+02    4,48e+03

Solver Summary (v 1.10.0-lapack-suitesparse-cxsparse-openmp)

                                     Original                  Reduced
Parameter blocks                            3                        3
Parameters                               2883                     2883
Residual blocks                             4                        4
Residual                                 3844                     3844

Minimizer                        TRUST_REGION
Trust region strategy     LEVENBERG_MARQUARDT

                                        Given                     Used
Linear solver                 ITERATIVE_SCHUR          ITERATIVE_SCHUR
Preconditioner                         JACOBI                   JACOBI
Threads                                     1                        1
Linear solver threads                       1                        1
Linear solver ordering              AUTOMATIC                     1, 2

Cost:
Initial                          1,983392e+02
Final                            1,967222e+02
Change                           1,617001e+00

Minimizer iterations                       50
Successful steps                           21
Unsuccessful steps                         29

Time (in seconds):
Preprocessor                           0,0003

  Residual evaluation                  1,1496
  Jacobian evaluation               3107,0982
  Linear solver                     1374,2107
Minimizer                           4483,9338

Postprocessor                          0,0000
Total                               4483,9340

Termination:                   NO_CONVERGENCE (Maximum number of iterations reached.)

faceVertices size961
desiredNormals size961
